original_size: (981, 736)
shift_x: 5.3417
shift_y: 5.2908
angle: -3.7791658944249695
scale: 0.1215125958609619
