original_size: (981, 736)
shift_x: -6.6303
shift_y: -4.4045
angle: -4.992043428387306
scale: 0.1288386892491124
