original_size: (981, 736)
shift_x: 4.8561
shift_y: -1.1619
angle: 2.9242485035486006
scale: 0.131749267782601
