original_size: (981, 736)
shift_x: 3.7845
shift_y: -6.6298
angle: -2.2736702724876134
scale: 0.1196988437633359
