original_size: (981, 736)
shift_x: -3.4008
shift_y: 2.4716
angle: 4.551064505658143
scale: 0.12296318598033147
