original_size: (981, 736)
shift_x: -4.2030
shift_y: 0.7130
angle: 4.326403450457901
scale: 0.12156430488798517
