original_size: (981, 736)
shift_x: -5.6089
shift_y: 4.8314
angle: 3.200506224655914
scale: 0.13339531509757757
