original_size: (981, 736)
shift_x: 0.7563
shift_y: 5.2898
angle: 0.3332368612058314
scale: 0.12652348537336508
