original_size: (981, 736)
shift_x: 2.3593
shift_y: -4.0643
angle: -1.1440016011434464
scale: 0.1286062076593417
