original_size: (981, 736)
shift_x: -5.7901
shift_y: -5.3578
angle: 0.4894092639793177
scale: 0.11639754665777696
