original_size: (981, 736)
shift_x: -0.6850
shift_y: -6.4489
angle: -1.8625272624476965
scale: 0.12380166534657606
