original_size: (981, 736)
shift_x: 1.4054
shift_y: -2.4236
angle: -3.2423362261007025
scale: 0.13360585058947957
