original_size: (981, 736)
shift_x: 6.0867
shift_y: -1.4733
angle: -2.753879608273422
scale: 0.12115553227480433
