original_size: (981, 736)
shift_x: -6.8019
shift_y: 4.4601
angle: 2.8718129151083014
scale: 0.13697616673494856
