original_size: (981, 736)
shift_x: 5.9374
shift_y: 2.5256
angle: 1.6211082231581422
scale: 0.1297011022148379
