original_size: (981, 736)
shift_x: -5.4335
shift_y: -4.5044
angle: 1.7210896100998516
scale: 0.12054283540076124
