original_size: (981, 736)
shift_x: 0.2368
shift_y: 4.8947
angle: -2.0663772659425717
scale: 0.12824035378973145
