original_size: (981, 736)
shift_x: 3.4157
shift_y: 5.3663
angle: -4.7724508726153285
scale: 0.12383082306486191
