original_size: (981, 736)
shift_x: -4.7150
shift_y: -4.1282
angle: 0.6341007127542362
scale: 0.12564101692573815
