original_size: (981, 736)
shift_x: -5.0673
shift_y: -1.7191
angle: -1.8362410899430914
scale: 0.13590954272815045
