original_size: (1309, 736)
shift_x: 4.3401
shift_y: 4.1711
angle: -2.1105587933650414
scale: 0.12223125863351512
