original_size: (1309, 736)
shift_x: -1.4498
shift_y: -1.7733
angle: -0.6201338386114301
scale: 0.1153731757606712
