original_size: (1309, 736)
shift_x: -4.1598
shift_y: 5.3764
angle: 3.599411153233195
scale: 0.12906970949176877
