original_size: (1309, 736)
shift_x: 1.9071
shift_y: 0.3842
angle: 0.31573382589960275
scale: 0.12509592496194197
