original_size: (1309, 736)
shift_x: -6.4510
shift_y: 2.2794
angle: -4.533533311771759
scale: 0.13479789407956952
