original_size: (1309, 736)
shift_x: 6.2252
shift_y: 3.4873
angle: 0.7381105832583081
scale: 0.12374327635857085
