original_size: (1309, 736)
shift_x: 2.5780
shift_y: -5.8348
angle: -4.697586578864065
scale: 0.13305478944055305
