original_size: (1309, 736)
shift_x: -6.7121
shift_y: 4.3361
angle: -4.481840704196763
scale: 0.1156277232433256
