original_size: (1309, 736)
shift_x: 3.6330
shift_y: -3.1994
angle: -3.700916472868012
scale: 0.12482196714863494
