original_size: (1309, 736)
shift_x: -5.0637
shift_y: 5.2633
angle: -3.923443059760375
scale: 0.12561978945573243
