original_size: (981, 736)
shift_x: -5.9642
shift_y: 4.8867
angle: 2.513451239338991
scale: 0.11369520397407298
