original_size: (981, 736)
shift_x: -2.9313
shift_y: 4.4043
angle: -3.146131068024234
scale: 0.12847554646635626
