original_size: (981, 736)
shift_x: 2.4149
shift_y: -4.5611
angle: -3.8547438485620313
scale: 0.11912091269937969
