original_size: (981, 736)
shift_x: 4.4774
shift_y: -3.6059
angle: 3.7241657660045
scale: 0.11972778393055394
