original_size: (981, 736)
shift_x: 2.1827
shift_y: 6.7544
angle: -2.402431586283691
scale: 0.1316297506239663
