original_size: (981, 736)
shift_x: -4.7849
shift_y: 1.3676
angle: 0.20237338251211057
scale: 0.12051948525138666
