original_size: (981, 736)
shift_x: -3.0018
shift_y: 1.1985
angle: -4.749542479170529
scale: 0.12859318226123795
