original_size: (981, 736)
shift_x: 1.9063
shift_y: 6.8626
angle: -4.526958509863683
scale: 0.1261799674981818
