original_size: (981, 736)
shift_x: -0.1057
shift_y: 6.8614
angle: -2.481063207430263
scale: 0.11288334423620122
