original_size: (981, 736)
shift_x: -4.3085
shift_y: 3.5393
angle: -1.4752633975935634
scale: 0.11611496247004935
