original_size: (981, 736)
shift_x: 3.3262
shift_y: 5.6029
angle: 3.85860553875707
scale: 0.12719949713231732
