original_size: (981, 736)
shift_x: -5.5325
shift_y: 4.0129
angle: 4.08798085859776
scale: 0.12330308312567721
