original_size: (981, 736)
shift_x: -1.8875
shift_y: 2.5122
angle: 4.514052335425509
scale: 0.12265173588473009
