original_size: (981, 736)
shift_x: 0.3286
shift_y: 5.5182
angle: -1.1375865048682465
scale: 0.12685507124396356
