original_size: (981, 736)
shift_x: 4.7244
shift_y: -2.1384
angle: -3.9806742083103206
scale: 0.13391902550018148
