original_size: (981, 736)
shift_x: 3.6738
shift_y: 5.1988
angle: -3.3623585209707696
scale: 0.12914859445947938
