original_size: (981, 736)
shift_x: 1.2113
shift_y: 3.9944
angle: 4.1961690591850385
scale: 0.11763315985469307
