original_size: (981, 736)
shift_x: 6.5333
shift_y: 2.3438
angle: 0.048046547725003386
scale: 0.11392352341817176
