original_size: (981, 736)
shift_x: -2.5894
shift_y: -0.0570
angle: -0.13854026987442047
scale: 0.11356406017081534
