original_size: (981, 736)
shift_x: -2.7661
shift_y: 5.2799
angle: 2.09306057624723
scale: 0.11870919475299412
