original_size: (920, 736)
shift_x: -4.4440
shift_y: -0.3907
angle: -0.9910412765715861
scale: 0.129646301798235
