original_size: (920, 736)
shift_x: 0.5082
shift_y: -1.0713
angle: 3.192273982476962
scale: 0.12092239438416391
