original_size: (920, 736)
shift_x: 1.8835
shift_y: -2.4987
angle: 3.71776993364816
scale: 0.12885539806771423
