original_size: (920, 736)
shift_x: -2.3562
shift_y: -0.0385
angle: -4.409333833465224
scale: 0.12257473847654408
