original_size: (920, 736)
shift_x: 4.0134
shift_y: -5.4709
angle: 0.7010053088701511
scale: 0.13098993517394658
