original_size: (920, 736)
shift_x: -3.0229
shift_y: -0.1904
angle: -0.46817426908655957
scale: 0.11335195364594074
