original_size: (920, 736)
shift_x: 4.1024
shift_y: 3.3694
angle: 3.9379704155900015
scale: 0.12353737106532267
