original_size: (920, 736)
shift_x: -2.4114
shift_y: 0.4050
angle: -4.982327035282151
scale: 0.11669532538561961
