original_size: (920, 736)
shift_x: 5.5513
shift_y: -6.2323
angle: 2.015584286672519
scale: 0.11637483091058742
