original_size: (920, 736)
shift_x: 2.8852
shift_y: 2.6423
angle: 2.3372696860464712
scale: 0.13382192191817233
