original_size: (1001, 736)
shift_x: 0.1847
shift_y: -3.8199
angle: 4.9381602502506645
scale: 0.13723124875877613
