original_size: (1001, 736)
shift_x: -4.5803
shift_y: -1.9071
angle: -3.3580688010853144
scale: 0.13517704102441222
