original_size: (1001, 736)
shift_x: 1.4113
shift_y: -4.7464
angle: -3.0920558316899207
scale: 0.12907975760378282
