original_size: (1001, 736)
shift_x: -5.5078
shift_y: 2.2048
angle: -0.9341950641228838
scale: 0.13065509769857495
