original_size: (1001, 736)
shift_x: 2.4225
shift_y: -3.9378
angle: -4.5487723721193065
scale: 0.1311836241841214
