original_size: (1001, 736)
shift_x: 3.3393
shift_y: -5.6535
angle: 3.3721544222767363
scale: 0.11395800885866893
