original_size: (1001, 736)
shift_x: 5.3449
shift_y: 2.0435
angle: 4.538772746789183
scale: 0.11697947028899913
