original_size: (1001, 736)
shift_x: 1.9988
shift_y: 1.4830
angle: 2.076153196527228
scale: 0.13229685318755788
