original_size: (1001, 736)
shift_x: -1.1386
shift_y: 6.1257
angle: 4.522972679534597
scale: 0.11602497632832087
