original_size: (1001, 736)
shift_x: -4.8746
shift_y: -4.4445
angle: -4.565309114802072
scale: 0.1183328396512924
