original_size: (800, 449)
shift_x: 3.3323
shift_y: -5.4419
angle: 1.7680519355253477
scale: 0.13394535162934423
