original_size: (800, 449)
shift_x: 0.3562
shift_y: 3.8099
angle: -0.5152165758913796
scale: 0.13230692415201672
