original_size: (800, 449)
shift_x: 0.8411
shift_y: -6.6519
angle: 0.13178303292351856
scale: 0.13041192807315205
