original_size: (800, 449)
shift_x: 0.6803
shift_y: 5.6080
angle: 4.98638980754656
scale: 0.12804071589204646
