original_size: (800, 449)
shift_x: 5.3397
shift_y: 0.8531
angle: -2.672328017701787
scale: 0.11561678786408255
