original_size: (800, 449)
shift_x: -0.1878
shift_y: 2.8371
angle: 1.3736149754570786
scale: 0.1255762288856689
