original_size: (800, 449)
shift_x: -4.6699
shift_y: 2.0173
angle: 2.680857271808609
scale: 0.11866623824170912
