original_size: (800, 449)
shift_x: -6.6638
shift_y: 0.9568
angle: 4.090014687525059
scale: 0.1328429478683348
