original_size: (800, 449)
shift_x: 4.0875
shift_y: -6.4050
angle: 2.0170176388510903
scale: 0.13303096173230672
