original_size: (800, 449)
shift_x: -5.1142
shift_y: 5.9406
angle: 3.596141342419335
scale: 0.1331196007934601
