original_size: (981, 736)
shift_x: -2.9139
shift_y: -6.1576
angle: 3.064996583623037
scale: 0.13637673094461514
