original_size: (981, 736)
shift_x: -0.8246
shift_y: 5.6302
angle: -4.5099333652607365
scale: 0.12034622869327512
