original_size: (981, 736)
shift_x: 4.7559
shift_y: 5.7046
angle: -4.284137929105096
scale: 0.11304048478727396
