original_size: (981, 736)
shift_x: -5.7576
shift_y: 6.7460
angle: -0.9351284566753666
scale: 0.1347516789787317
