original_size: (981, 736)
shift_x: 2.8463
shift_y: 6.3704
angle: -0.15314261770834747
scale: 0.12959400532508333
