original_size: (981, 736)
shift_x: 6.3458
shift_y: -3.8542
angle: 2.9698213217049236
scale: 0.12948326530014237
