original_size: (981, 736)
shift_x: 4.2063
shift_y: 3.5229
angle: -1.9037844390266412
scale: 0.11655903048587973
