original_size: (981, 736)
shift_x: 6.5506
shift_y: -0.3623
angle: -4.276690212448785
scale: 0.13282357860114308
