original_size: (981, 736)
shift_x: 6.9481
shift_y: 1.6879
angle: 1.8178472161273511
scale: 0.12300922776957782
