original_size: (981, 736)
shift_x: 1.5402
shift_y: -4.4558
angle: 4.698542373313016
scale: 0.13260294920496427
