original_size: (1104, 736)
shift_x: -4.0547
shift_y: 1.5017
angle: 0.1362892381772376
scale: 0.11256195630078068
