original_size: (1104, 736)
shift_x: -5.5312
shift_y: 2.2113
angle: -1.1262720884457322
scale: 0.12168017278545956
