original_size: (1104, 736)
shift_x: 5.6245
shift_y: -4.1989
angle: -4.643696603107087
scale: 0.13693330717643715
