original_size: (1104, 736)
shift_x: 3.8635
shift_y: -6.2739
angle: 3.8587580554778658
scale: 0.1300308339180886
