original_size: (1104, 736)
shift_x: 4.9008
shift_y: -4.1179
angle: -1.8070131266977683
scale: 0.11407702327447476
