original_size: (1104, 736)
shift_x: -4.2930
shift_y: -4.7936
angle: 4.3474723728919145
scale: 0.12885375933659848
