original_size: (1104, 736)
shift_x: -6.9063
shift_y: -6.8799
angle: 2.3586788781172716
scale: 0.12578104013833002
