original_size: (1104, 736)
shift_x: -5.1025
shift_y: -0.2157
angle: 4.462483670782845
scale: 0.1243566681781331
