original_size: (1104, 736)
shift_x: -4.0708
shift_y: -3.8813
angle: -0.4942984902212624
scale: 0.1195163730665004
