original_size: (1104, 736)
shift_x: -3.3461
shift_y: -6.2668
angle: -0.15842715968157073
scale: 0.13392445070673556
