original_size: (981, 736)
shift_x: -2.5425
shift_y: 6.6030
angle: 2.7080936092991523
scale: 0.11953885912398361
