original_size: (981, 736)
shift_x: -6.5380
shift_y: 4.2617
angle: 2.9789195618742292
scale: 0.11927731887757284
