original_size: (981, 736)
shift_x: -3.3849
shift_y: -5.9564
angle: 4.565889889905566
scale: 0.1300470023056583
