original_size: (981, 736)
shift_x: -0.7903
shift_y: 4.4070
angle: -3.2492056649045886
scale: 0.12712207680896478
