original_size: (981, 736)
shift_x: -5.1380
shift_y: -3.1457
angle: 4.457281080795317
scale: 0.12781657733659407
