original_size: (981, 736)
shift_x: 5.9882
shift_y: -4.6660
angle: 3.603479328334366
scale: 0.13298963261990035
