original_size: (981, 736)
shift_x: -5.9422
shift_y: 3.8923
angle: -1.6961072223625075
scale: 0.13461660036714776
