original_size: (981, 736)
shift_x: 0.8953
shift_y: -3.6902
angle: 4.376518511384198
scale: 0.11646345616686864
