original_size: (981, 736)
shift_x: -2.0894
shift_y: -3.0699
angle: 3.081211756736245
scale: 0.13249965148542045
