original_size: (981, 736)
shift_x: 4.9544
shift_y: -1.4039
angle: 3.5393106077500818
scale: 0.11695961979383324
