original_size: (1136, 640)
shift_x: -3.0209
shift_y: -6.6832
angle: -1.4766718902479714
scale: 0.11354417553915015
