original_size: (1136, 640)
shift_x: -0.7600
shift_y: 4.5518
angle: 3.0954476238284556
scale: 0.11934286418242455
