original_size: (1136, 640)
shift_x: -4.0778
shift_y: 6.8767
angle: -0.023715970473913828
scale: 0.12862730592761595
