original_size: (1136, 640)
shift_x: 1.5945
shift_y: -3.7478
angle: -1.8199916308239397
scale: 0.11724702778854118
