original_size: (1136, 640)
shift_x: 1.7495
shift_y: -5.4870
angle: 1.9624638785204276
scale: 0.1172553022280237
