original_size: (1136, 640)
shift_x: -4.6840
shift_y: 6.2216
angle: -0.6333621462856183
scale: 0.1158094014535762
