original_size: (1136, 640)
shift_x: 1.6216
shift_y: 1.6279
angle: 3.6354505425589387
scale: 0.11284959640822236
