original_size: (1136, 640)
shift_x: 6.5654
shift_y: -2.3417
angle: 0.8508998008882553
scale: 0.1326556513898051
