original_size: (1136, 640)
shift_x: 6.7949
shift_y: 6.8380
angle: -0.9074461480756169
scale: 0.13401289400999317
