original_size: (1136, 640)
shift_x: -2.6566
shift_y: -3.4338
angle: -2.7815521200419937
scale: 0.11488098872233465
