original_size: (736, 736)
shift_x: 3.8626
shift_y: -2.5931
angle: -3.7821693512902277
scale: 0.1130156400566737
