original_size: (736, 736)
shift_x: -5.4346
shift_y: -4.7981
angle: 2.225998145912447
scale: 0.1242708527922623
