original_size: (736, 736)
shift_x: 6.2745
shift_y: 1.5708
angle: -3.9122849513841618
scale: 0.13027892023309098
