original_size: (736, 736)
shift_x: -3.9861
shift_y: 3.7228
angle: -1.8064656190958117
scale: 0.12225741430852717
