original_size: (736, 736)
shift_x: -4.9334
shift_y: 1.4849
angle: 3.2972153282817906
scale: 0.12934711714031313
