original_size: (736, 736)
shift_x: -5.3059
shift_y: 6.7784
angle: -2.2168525197197217
scale: 0.12605097623854708
