original_size: (736, 736)
shift_x: -2.6387
shift_y: 1.3739
angle: 4.658755798974884
scale: 0.12721341020018448
