original_size: (736, 736)
shift_x: 5.4904
shift_y: -3.9259
angle: -1.7139806932546033
scale: 0.12758561636021737
