original_size: (736, 736)
shift_x: -1.4416
shift_y: 1.2563
angle: 2.4850578912577923
scale: 0.11775035195678356
