original_size: (736, 736)
shift_x: 0.7952
shift_y: 1.2103
angle: 4.399680601763553
scale: 0.1276703959859087
