original_size: (920, 736)
shift_x: -2.3802
shift_y: -3.3652
angle: -0.29947402652670085
scale: 0.11496544030486096
