original_size: (920, 736)
shift_x: -2.2309
shift_y: -2.2868
angle: 2.395123033907577
scale: 0.13137248867381074
