original_size: (920, 736)
shift_x: -6.8608
shift_y: -2.6116
angle: -1.9141139984780056
scale: 0.1225352179133303
