original_size: (920, 736)
shift_x: -2.0070
shift_y: -2.2612
angle: 0.8000248453983794
scale: 0.11917999257536704
