original_size: (920, 736)
shift_x: 4.2172
shift_y: -2.2787
angle: 0.08677651903606165
scale: 0.11814913760363442
