original_size: (920, 736)
shift_x: 1.5716
shift_y: -3.0065
angle: -0.46562231476144156
scale: 0.1242943039932563
