original_size: (920, 736)
shift_x: -3.3860
shift_y: 5.6424
angle: 0.26429138159337473
scale: 0.11842306333579203
