original_size: (920, 736)
shift_x: 2.4178
shift_y: -1.2256
angle: -4.894834686491235
scale: 0.13428609420057352
