original_size: (920, 736)
shift_x: -4.8618
shift_y: 3.0222
angle: -1.8757748005218442
scale: 0.13086816073935897
