original_size: (920, 736)
shift_x: 2.5516
shift_y: 3.6411
angle: -3.800322565769826
scale: 0.1302377126579572
