original_size: (981, 736)
shift_x: 3.4990
shift_y: -6.8478
angle: -4.701564695498028
scale: 0.11537529113637945
