original_size: (981, 736)
shift_x: -2.0195
shift_y: 5.9700
angle: 2.783669514835921
scale: 0.11808789429239852
