original_size: (981, 736)
shift_x: -5.4422
shift_y: 1.0485
angle: 4.478430831105637
scale: 0.1297336935077908
