original_size: (981, 736)
shift_x: -5.1543
shift_y: -1.6333
angle: 0.9700080408231084
scale: 0.11299367931994238
