original_size: (981, 736)
shift_x: -4.8034
shift_y: -6.6268
angle: -2.584258767249208
scale: 0.1354017381461793
