original_size: (981, 736)
shift_x: 0.5089
shift_y: -4.4114
angle: -3.68423815644121
scale: 0.11366873191724468
