original_size: (981, 736)
shift_x: -6.5255
shift_y: 0.1291
angle: -0.5432642043124867
scale: 0.12976364265795212
