original_size: (981, 736)
shift_x: -0.2052
shift_y: -6.5022
angle: 1.8110495554257486
scale: 0.12247120885646177
