original_size: (981, 736)
shift_x: -2.1518
shift_y: -0.8117
angle: 4.93166119541635
scale: 0.11599750758682667
