original_size: (981, 736)
shift_x: -3.1912
shift_y: 2.0016
angle: -0.46744475871288316
scale: 0.1357379430617134
