original_size: (552, 736)
shift_x: 5.1368
shift_y: -6.4528
angle: -3.912617841827495
scale: 0.12927744344647837
