original_size: (552, 736)
shift_x: -5.1219
shift_y: 2.9072
angle: -4.39951140077084
scale: 0.13142193191400772
