original_size: (552, 736)
shift_x: 5.6415
shift_y: -0.7228
angle: 2.5467332671261325
scale: 0.13036021015167623
