original_size: (552, 736)
shift_x: -2.4764
shift_y: 0.0392
angle: -0.9198036551841167
scale: 0.11292685596534988
