original_size: (552, 736)
shift_x: 1.5775
shift_y: 6.2999
angle: 4.892757796424554
scale: 0.13732766583651834
