original_size: (552, 736)
shift_x: 1.7076
shift_y: -6.1824
angle: -1.0760149784829842
scale: 0.12360641803103767
