original_size: (552, 736)
shift_x: -1.9468
shift_y: 3.4357
angle: -3.4610122273163912
scale: 0.11587546280620527
