original_size: (552, 736)
shift_x: 6.5603
shift_y: -6.8808
angle: -4.745717571430362
scale: 0.13347034832414018
