original_size: (552, 736)
shift_x: -6.6888
shift_y: -3.2469
angle: -3.4721806231047045
scale: 0.1279627755670698
