original_size: (552, 736)
shift_x: -1.8855
shift_y: 1.8229
angle: -4.0461242030068885
scale: 0.12662631224795085
