original_size: (1308, 736)
shift_x: -6.1507
shift_y: 1.1798
angle: 0.16276733531524723
scale: 0.12967801405364152
