original_size: (1308, 736)
shift_x: 2.1863
shift_y: 6.7095
angle: 2.930430004708847
scale: 0.11743059955716616
