original_size: (1308, 736)
shift_x: -4.8772
shift_y: 5.1418
angle: 2.011049146190558
scale: 0.11537708602451012
