original_size: (1308, 736)
shift_x: 1.9029
shift_y: 6.5042
angle: 3.911672400693968
scale: 0.13105644904365576
