original_size: (1308, 736)
shift_x: -1.5835
shift_y: 5.5433
angle: -3.9113441176662853
scale: 0.12148408926806452
