original_size: (1308, 736)
shift_x: 0.4248
shift_y: 2.9162
angle: 4.094626485206508
scale: 0.12526309613401257
