original_size: (1308, 736)
shift_x: -5.2099
shift_y: 0.3963
angle: -2.37275047881943
scale: 0.12308437954286518
