original_size: (1308, 736)
shift_x: 3.2351
shift_y: -5.7884
angle: -3.942214371686532
scale: 0.13696075917790515
