original_size: (1308, 736)
shift_x: -5.2972
shift_y: -6.6023
angle: 2.100632143038471
scale: 0.11414416754387724
