original_size: (1308, 736)
shift_x: -5.5224
shift_y: 3.9358
angle: -4.977089549248095
scale: 0.11666838657961369
