original_size: (1104, 736)
shift_x: 6.2756
shift_y: 3.4208
angle: 1.1332606796703528
scale: 0.13333666003291827
