original_size: (1104, 736)
shift_x: 0.8422
shift_y: 0.7359
angle: 1.3658839936788523
scale: 0.12062354643925892
