original_size: (1104, 736)
shift_x: 4.8426
shift_y: -2.8110
angle: -4.479964059771866
scale: 0.13093106591689355
