original_size: (1104, 736)
shift_x: -5.3132
shift_y: -1.0522
angle: 3.5448908555246614
scale: 0.12954835919568786
