original_size: (1104, 736)
shift_x: -2.2394
shift_y: -2.6962
angle: 4.095029195586912
scale: 0.1330687481555012
