original_size: (1104, 736)
shift_x: 0.1686
shift_y: 2.8166
angle: -0.5295264666727544
scale: 0.12294975450789505
