original_size: (1104, 736)
shift_x: -0.3224
shift_y: 4.0130
angle: 1.4408679845371335
scale: 0.11276944436732221
