original_size: (1104, 736)
shift_x: 2.6122
shift_y: 0.9991
angle: -3.2601584225803104
scale: 0.11754030907197555
