original_size: (1104, 736)
shift_x: -3.4561
shift_y: -3.6426
angle: -2.765771307654623
scale: 0.1166208901164961
