original_size: (1104, 736)
shift_x: 4.6050
shift_y: -0.6281
angle: 0.022805521793403116
scale: 0.1313380530874838
