original_size: (918, 736)
shift_x: -5.4952
shift_y: -0.3622
angle: -4.670532540470148
scale: 0.12023187915889048
