original_size: (918, 736)
shift_x: 3.3547
shift_y: -4.8360
angle: -3.2572451627666945
scale: 0.13118759296310253
