original_size: (918, 736)
shift_x: -6.8192
shift_y: -3.2321
angle: -1.8287819898123212
scale: 0.12835211704845143
