original_size: (918, 736)
shift_x: 5.1071
shift_y: -2.2540
angle: 1.0401251544020873
scale: 0.13627543898974215
