original_size: (918, 736)
shift_x: 2.0147
shift_y: 4.6178
angle: 1.602184674404783
scale: 0.11513595778406567
