original_size: (918, 736)
shift_x: -4.6987
shift_y: -0.7724
angle: -1.6782574965880812
scale: 0.13202847025129605
