original_size: (918, 736)
shift_x: -3.0938
shift_y: 6.8926
angle: 3.901224911214797
scale: 0.12445166252143192
