original_size: (918, 736)
shift_x: 0.8541
shift_y: -1.2589
angle: 0.052353481648875544
scale: 0.13671952085430875
