original_size: (918, 736)
shift_x: 4.6673
shift_y: -1.3588
angle: -1.0471099845179932
scale: 0.11862383373006544
