original_size: (918, 736)
shift_x: -5.7809
shift_y: 2.4143
angle: -0.4684801117786028
scale: 0.11254467456200794
