original_size: (720, 480)
shift_x: -0.0691
shift_y: 5.9592
angle: -3.3434059950251207
scale: 0.11742730278285235
