original_size: (720, 480)
shift_x: -3.3338
shift_y: 2.6543
angle: 1.221704847269514
scale: 0.12680833451139625
