original_size: (720, 480)
shift_x: 6.7612
shift_y: 1.8371
angle: -2.1509551561971163
scale: 0.11409798792687048
