original_size: (720, 480)
shift_x: 3.4584
shift_y: 3.8309
angle: 3.5118088055168393
scale: 0.13557376606729604
