original_size: (720, 480)
shift_x: 0.3693
shift_y: 1.9078
angle: 1.1548898713009166
scale: 0.1342360231080258
