original_size: (720, 480)
shift_x: -2.2258
shift_y: -6.6669
angle: 0.49312791120701416
scale: 0.12733248677707507
