original_size: (720, 480)
shift_x: -6.2480
shift_y: 3.6022
angle: 0.009299315672998354
scale: 0.11870869395066079
