original_size: (720, 480)
shift_x: -3.3684
shift_y: 4.3569
angle: 1.6485207165708715
scale: 0.13168503728322367
