original_size: (720, 480)
shift_x: 5.6669
shift_y: -1.6138
angle: 4.095872372203486
scale: 0.13700353180231506
