original_size: (720, 480)
shift_x: 5.2148
shift_y: -4.2308
angle: 3.7355644700246913
scale: 0.12115870325986446
