original_size: (600, 390)
shift_x: -4.0957
shift_y: -1.3624
angle: 1.7105509276645936
scale: 0.1204417584973379
