original_size: (600, 390)
shift_x: -5.5595
shift_y: -4.1251
angle: -0.5525642889497338
scale: 0.12871509120283148
