original_size: (600, 390)
shift_x: 1.2342
shift_y: -5.7349
angle: -2.797293613745281
scale: 0.13041114598631204
