original_size: (600, 390)
shift_x: 1.4748
shift_y: -5.1148
angle: -1.5840948381378652
scale: 0.13065831331093342
