original_size: (600, 390)
shift_x: 1.9158
shift_y: 0.5768
angle: 1.0039419298555519
scale: 0.13314084889057543
