original_size: (600, 390)
shift_x: -2.5682
shift_y: -2.9330
angle: -3.2002707777808617
scale: 0.11790150900847958
