original_size: (600, 390)
shift_x: 1.8099
shift_y: 5.1187
angle: -0.34678714974236513
scale: 0.12084955926189231
