original_size: (600, 390)
shift_x: 5.3913
shift_y: 1.0262
angle: 4.981323255936946
scale: 0.1318773888311621
