original_size: (600, 390)
shift_x: 4.6736
shift_y: -6.4078
angle: 2.7587806571502194
scale: 0.13744511275299393
