original_size: (600, 390)
shift_x: -5.2008
shift_y: 4.2737
angle: 3.8720301337086482
scale: 0.11324501838407741
