original_size: (981, 736)
shift_x: 3.8951
shift_y: -2.3836
angle: -0.21813556766493924
scale: 0.13585213380574168
