original_size: (981, 736)
shift_x: 3.1421
shift_y: 1.0084
angle: -3.9511002620542177
scale: 0.12052207234268218
