original_size: (981, 736)
shift_x: 0.6659
shift_y: 3.9502
angle: 0.4289144172023196
scale: 0.11839125247776784
