original_size: (981, 736)
shift_x: -4.8705
shift_y: 6.2557
angle: -0.9227216191776044
scale: 0.12214199665018957
