original_size: (981, 736)
shift_x: 0.0618
shift_y: 1.0271
angle: 1.5333234691866773
scale: 0.11810417924040996
