original_size: (981, 736)
shift_x: -3.4164
shift_y: -1.1613
angle: 1.3094917720213308
scale: 0.11853690425512446
