original_size: (981, 736)
shift_x: -3.2869
shift_y: 2.2642
angle: 1.6842814787533573
scale: 0.1201411954210778
