original_size: (981, 736)
shift_x: -5.3609
shift_y: -3.0117
angle: -0.0454693752706401
scale: 0.1310669999431393
