original_size: (981, 736)
shift_x: 3.1993
shift_y: -2.2674
angle: 1.5698234024403037
scale: 0.12497543695825694
