original_size: (981, 736)
shift_x: 5.0692
shift_y: -0.2903
angle: -3.889511116391126
scale: 0.12137481492681675
