original_size: (981, 736)
shift_x: 5.3377
shift_y: 3.2018
angle: -0.8646012816372837
scale: 0.13510579668384914
