original_size: (981, 736)
shift_x: 0.7824
shift_y: -6.3415
angle: 3.6265346330847397
scale: 0.13500473868378637
