original_size: (981, 736)
shift_x: 1.8252
shift_y: -4.2472
angle: 3.1891688448636177
scale: 0.11776351309687944
