original_size: (981, 736)
shift_x: -0.3194
shift_y: 3.3049
angle: -4.020665850821158
scale: 0.13012021480296693
