original_size: (981, 736)
shift_x: -3.2634
shift_y: -3.5493
angle: 0.2334718286163735
scale: 0.1347611576849746
