original_size: (981, 736)
shift_x: 0.3718
shift_y: 4.6846
angle: -4.093753679306539
scale: 0.13149630924110556
