original_size: (981, 736)
shift_x: -5.9716
shift_y: -4.7660
angle: 0.12659126720085112
scale: 0.13561627984701188
