original_size: (981, 736)
shift_x: -3.1603
shift_y: 6.8606
angle: -2.2522318351996518
scale: 0.13205013074182181
