original_size: (981, 736)
shift_x: -3.4472
shift_y: 6.7710
angle: 4.069619173601932
scale: 0.1331419193576786
