original_size: (981, 736)
shift_x: -0.9589
shift_y: -3.7691
angle: -2.5040058549119584
scale: 0.1263702198457041
