original_size: (875, 700)
shift_x: 1.1351
shift_y: 2.0001
angle: -1.8745162195345557
scale: 0.1292804263377835
