original_size: (875, 700)
shift_x: -3.1397
shift_y: -1.5109
angle: -2.8650155390642573
scale: 0.13416371355226578
