original_size: (875, 700)
shift_x: -5.2315
shift_y: 1.4929
angle: -2.6089755334151565
scale: 0.1303518227567235
