original_size: (875, 700)
shift_x: 3.0964
shift_y: -1.4668
angle: -4.864183969940172
scale: 0.11946827666836579
