original_size: (875, 700)
shift_x: -5.2643
shift_y: 6.4638
angle: -1.3039525848529054
scale: 0.11355656406906728
