original_size: (875, 700)
shift_x: -1.9945
shift_y: 1.1700
angle: -0.42674905079320524
scale: 0.1372826890218715
