original_size: (875, 700)
shift_x: -6.0059
shift_y: -5.4800
angle: 1.3331171801314827
scale: 0.13672341815749461
