original_size: (875, 700)
shift_x: 2.8260
shift_y: -0.9198
angle: 1.783996240805477
scale: 0.12413095006001917
