original_size: (875, 700)
shift_x: 5.3173
shift_y: 5.0315
angle: 4.558249100682591
scale: 0.125503023699972
