original_size: (875, 700)
shift_x: 4.3354
shift_y: -1.9117
angle: 4.603484934167128
scale: 0.1126751253918503
