original_size: (1104, 736)
shift_x: 4.2170
shift_y: -1.8372
angle: -1.6950969259240378
scale: 0.13281726516498268
