original_size: (1104, 736)
shift_x: 4.8468
shift_y: 1.7394
angle: 2.139778780828837
scale: 0.12812791319412276
