original_size: (1104, 736)
shift_x: 4.9916
shift_y: 6.9359
angle: -1.8608345489846423
scale: 0.12484371896044427
