original_size: (1104, 736)
shift_x: -2.8334
shift_y: 4.1125
angle: -0.045775405967139804
scale: 0.12132141558802947
