original_size: (1104, 736)
shift_x: -2.0064
shift_y: 6.8691
angle: -4.467427654314728
scale: 0.12663228946584265
