original_size: (1104, 736)
shift_x: -0.4434
shift_y: 6.8195
angle: -0.5385335056508636
scale: 0.13434266452397778
