original_size: (1104, 736)
shift_x: 5.1353
shift_y: -5.9605
angle: 0.46899922803107863
scale: 0.11614860967809575
