original_size: (1104, 736)
shift_x: -4.2461
shift_y: 6.5315
angle: -0.3340626064207992
scale: 0.12065101181302498
