original_size: (1104, 736)
shift_x: 6.2587
shift_y: 6.2839
angle: 4.414524778133233
scale: 0.11266743852833357
