original_size: (1104, 736)
shift_x: -2.2316
shift_y: -5.3883
angle: 2.05484581925281
scale: 0.11760972184169494
