original_size: (981, 736)
shift_x: 1.5557
shift_y: 5.4769
angle: 0.7257846159780925
scale: 0.12020292005963226
