original_size: (981, 736)
shift_x: 5.6920
shift_y: 6.1509
angle: 2.5256210690868732
scale: 0.12864617594512415
