original_size: (981, 736)
shift_x: -1.9963
shift_y: 0.8276
angle: 2.724605485190631
scale: 0.12267804047703217
