original_size: (981, 736)
shift_x: -1.8922
shift_y: 4.1951
angle: -1.274991431508672
scale: 0.11728784494906336
