original_size: (981, 736)
shift_x: 3.9982
shift_y: 6.5634
angle: -2.9127141066471163
scale: 0.11312119594627996
