original_size: (981, 736)
shift_x: 3.7873
shift_y: -2.8051
angle: 3.0565752816860865
scale: 0.1259382161248895
