original_size: (981, 736)
shift_x: -1.7927
shift_y: 1.6508
angle: 4.333730780497492
scale: 0.12958930577539782
