original_size: (981, 736)
shift_x: -2.4430
shift_y: 2.8050
angle: 4.843030436429434
scale: 0.12914662201339
