original_size: (981, 736)
shift_x: 5.8408
shift_y: -4.2224
angle: 3.19455317867134
scale: 0.1259859230309766
