original_size: (981, 736)
shift_x: -4.8004
shift_y: 3.9838
angle: -4.548885578894577
scale: 0.12272327715046946
