original_size: (1103, 736)
shift_x: -3.3323
shift_y: -4.4498
angle: 0.5927882706641459
scale: 0.13354823181736444
