original_size: (1103, 736)
shift_x: -5.8080
shift_y: 5.8873
angle: 4.239598289790848
scale: 0.1330050383811374
