original_size: (1103, 736)
shift_x: -3.7487
shift_y: -6.1671
angle: -4.967486714230745
scale: 0.1268221425488576
