original_size: (1103, 736)
shift_x: 4.5230
shift_y: -2.7792
angle: -3.2126209697938632
scale: 0.1348811976208305
