original_size: (1103, 736)
shift_x: -3.2246
shift_y: 6.9618
angle: 2.9276684984786714
scale: 0.13593687912758531
