original_size: (1103, 736)
shift_x: 3.0116
shift_y: -5.4158
angle: -4.248392969030253
scale: 0.11706409437174033
