original_size: (1103, 736)
shift_x: 0.1861
shift_y: -0.1716
angle: 1.0942488440942366
scale: 0.11732238957815203
