original_size: (1103, 736)
shift_x: -6.6868
shift_y: -3.2619
angle: -0.02154292164092464
scale: 0.11901789513633647
