original_size: (1103, 736)
shift_x: -1.0163
shift_y: -5.0103
angle: -2.2589627823046685
scale: 0.11930481446888329
