original_size: (1103, 736)
shift_x: -3.4184
shift_y: 1.5648
angle: -4.304345228986835
scale: 0.13497965989182062
