original_size: (915, 736)
shift_x: 5.7421
shift_y: -2.3240
angle: 2.736484436709566
scale: 0.11271840307325949
