original_size: (915, 736)
shift_x: 2.7976
shift_y: -5.9296
angle: 2.9603429142534496
scale: 0.12968573782537543
