original_size: (915, 736)
shift_x: -6.6073
shift_y: -2.0130
angle: 1.2525511166051473
scale: 0.12975611724901098
