original_size: (915, 736)
shift_x: 4.4823
shift_y: 5.9944
angle: -1.1451195594511097
scale: 0.11506339279678067
