original_size: (915, 736)
shift_x: -6.0078
shift_y: 5.5310
angle: 2.547353054292304
scale: 0.11746515285457909
