original_size: (915, 736)
shift_x: 0.7072
shift_y: 3.8354
angle: -2.6133524962417676
scale: 0.13520679729253104
