original_size: (915, 736)
shift_x: -5.3877
shift_y: -2.1509
angle: 3.4311951745467777
scale: 0.1327903412263861
