original_size: (915, 736)
shift_x: -1.7595
shift_y: -3.8790
angle: 3.159942673469647
scale: 0.12098167043979792
