original_size: (915, 736)
shift_x: 0.3480
shift_y: -5.0271
angle: -0.002069896950001926
scale: 0.12705478690548225
