original_size: (915, 736)
shift_x: 1.8701
shift_y: -2.3383
angle: 2.6921746143231378
scale: 0.12937005968639728
