original_size: (920, 736)
shift_x: -4.7210
shift_y: -5.3809
angle: 1.4193929253623079
scale: 0.12753134448414344
