original_size: (920, 736)
shift_x: -5.9800
shift_y: 6.0801
angle: 1.122211906038335
scale: 0.12279780532467875
