original_size: (920, 736)
shift_x: -4.1283
shift_y: 0.2586
angle: -3.271305622146974
scale: 0.11349387321865928
