original_size: (920, 736)
shift_x: 5.1140
shift_y: -6.0475
angle: 0.2501534175561986
scale: 0.11510433888051982
