original_size: (920, 736)
shift_x: 5.8663
shift_y: 1.1568
angle: -4.383897604368791
scale: 0.11858465224904709
