original_size: (920, 736)
shift_x: 3.5531
shift_y: -3.1169
angle: 4.289251732598471
scale: 0.1301784168304617
