original_size: (920, 736)
shift_x: 2.9178
shift_y: 0.3984
angle: 0.4480672313497882
scale: 0.12352417950988981
