original_size: (920, 736)
shift_x: 2.7583
shift_y: -0.0842
angle: -4.02958074700949
scale: 0.11645433985504094
