original_size: (920, 736)
shift_x: 5.0522
shift_y: -6.2596
angle: -0.190899672270044
scale: 0.13336241849239727
