original_size: (920, 736)
shift_x: 6.1268
shift_y: 6.2688
angle: 3.594687726050495
scale: 0.12412714871061468
