original_size: (604, 486)
shift_x: 6.5842
shift_y: 4.3975
angle: 4.970401347043058
scale: 0.12406291201287176
