original_size: (604, 486)
shift_x: 3.2563
shift_y: 2.8034
angle: -2.3281305118573368
scale: 0.1235771769268587
