original_size: (604, 486)
shift_x: 1.9660
shift_y: -5.4725
angle: -4.496639046605888
scale: 0.13194455405249225
