original_size: (604, 486)
shift_x: 3.5735
shift_y: 2.1655
angle: -2.184915093404517
scale: 0.1226778860531546
