original_size: (604, 486)
shift_x: 1.7990
shift_y: -3.7871
angle: 1.857749949387256
scale: 0.11610747187198708
