original_size: (604, 486)
shift_x: -3.5283
shift_y: -0.5488
angle: -3.794229366709362
scale: 0.12338067223098288
