original_size: (604, 486)
shift_x: -5.0223
shift_y: 2.0176
angle: 1.1720182625495124
scale: 0.13036646973664978
