original_size: (604, 486)
shift_x: 1.7095
shift_y: 6.8408
angle: -1.7436288275213698
scale: 0.12784984604331642
