original_size: (604, 486)
shift_x: 0.0096
shift_y: 6.3762
angle: 0.6746482996530245
scale: 0.13131144353507246
