original_size: (604, 486)
shift_x: -2.4829
shift_y: 0.9740
angle: -3.1793111667422167
scale: 0.12734308252811455
