original_size: (450, 600)
shift_x: -3.8855
shift_y: 4.0728
angle: 2.969895112769258
scale: 0.12440316839650753
