original_size: (450, 600)
shift_x: 2.2565
shift_y: -5.5104
angle: -2.1289333913351194
scale: 0.1311677078964853
