original_size: (450, 600)
shift_x: 1.5236
shift_y: -5.1625
angle: -1.3702084452718721
scale: 0.12518090951321656
