original_size: (450, 600)
shift_x: 0.3091
shift_y: -4.0454
angle: 4.793544247860815
scale: 0.12931497439955636
