original_size: (450, 600)
shift_x: -2.8764
shift_y: 6.0385
angle: -1.1530777358484845
scale: 0.11537868643745881
