original_size: (450, 600)
shift_x: -4.0431
shift_y: 3.2878
angle: 4.708297779046118
scale: 0.1358492561646729
