original_size: (450, 600)
shift_x: 2.7219
shift_y: 2.6375
angle: 3.0235846089827376
scale: 0.12815821891482493
