original_size: (450, 600)
shift_x: 6.9578
shift_y: -2.3283
angle: 1.1342066948500618
scale: 0.12190354987341885
