original_size: (450, 600)
shift_x: -0.5070
shift_y: -1.9754
angle: -1.3151580614806049
scale: 0.12376492427230099
