original_size: (450, 600)
shift_x: -1.1409
shift_y: -0.2068
angle: 3.5161960613029084
scale: 0.1179210800894108
