original_size: (981, 736)
shift_x: -6.1089
shift_y: 0.2692
angle: 4.1215417089566895
scale: 0.11848134983321475
