original_size: (981, 736)
shift_x: -5.2219
shift_y: 3.4364
angle: -1.4034268109735617
scale: 0.13217938702451004
