original_size: (981, 736)
shift_x: -0.3067
shift_y: 5.3439
angle: -3.0176132891816065
scale: 0.13515004704574785
