original_size: (981, 736)
shift_x: 0.7729
shift_y: 4.4505
angle: -0.7566470410132293
scale: 0.12107726621735307
