original_size: (981, 736)
shift_x: 3.2926
shift_y: 2.5051
angle: 0.07987572817846633
scale: 0.1266206903172576
