original_size: (981, 736)
shift_x: -2.6755
shift_y: -6.0865
angle: 0.6793937739899896
scale: 0.1256352709525613
