original_size: (981, 736)
shift_x: 0.2669
shift_y: 4.9750
angle: 1.0573329664588762
scale: 0.11516658448041721
