original_size: (981, 736)
shift_x: -1.4714
shift_y: -4.3091
angle: -0.9242519394493209
scale: 0.13199969992084165
