original_size: (981, 736)
shift_x: -6.8249
shift_y: 5.9113
angle: -4.994520711138902
scale: 0.13735856683858333
