original_size: (981, 736)
shift_x: -3.4140
shift_y: 2.6038
angle: -4.359767377183368
scale: 0.13477838380061327
