original_size: (1308, 736)
shift_x: -6.3454
shift_y: 1.6062
angle: 1.4567825539019132
scale: 0.11287933698773142
