original_size: (1308, 736)
shift_x: 2.4776
shift_y: 0.1431
angle: 0.34589532105366416
scale: 0.11803694876251296
