original_size: (1308, 736)
shift_x: 6.7572
shift_y: -3.7559
angle: -0.48361117490111827
scale: 0.12285151170278315
