original_size: (1308, 736)
shift_x: 2.3376
shift_y: -4.9840
angle: 3.8596322611728606
scale: 0.11720328491013998
