original_size: (1308, 736)
shift_x: 0.1558
shift_y: 6.6140
angle: 3.677570127007817
scale: 0.11861222564377118
