original_size: (1308, 736)
shift_x: -6.5074
shift_y: -2.2848
angle: 2.7526905146653133
scale: 0.13630630332477722
