original_size: (1308, 736)
shift_x: -2.5613
shift_y: 3.0031
angle: 3.2786763149569182
scale: 0.12704198531137084
