original_size: (1308, 736)
shift_x: 0.1739
shift_y: 0.0545
angle: 2.842143317660925
scale: 0.11512742753220542
