original_size: (1308, 736)
shift_x: 3.4759
shift_y: 5.5764
angle: 4.972596946344241
scale: 0.11682112938866365
