original_size: (1308, 736)
shift_x: 1.7726
shift_y: 4.5311
angle: -3.9599089308121416
scale: 0.13476155891560174
