original_size: (468, 375)
shift_x: 4.8105
shift_y: -2.8754
angle: 2.1734720919069908
scale: 0.11564896844089183
