original_size: (468, 375)
shift_x: -6.7662
shift_y: 6.2977
angle: 4.060176457444548
scale: 0.12180613652614965
