original_size: (468, 375)
shift_x: 0.2140
shift_y: 2.9079
angle: 2.013519452856504
scale: 0.11888506330901162
