original_size: (468, 375)
shift_x: 6.1816
shift_y: -3.8175
angle: 4.362323135046305
scale: 0.134722941978974
