original_size: (468, 375)
shift_x: -3.5571
shift_y: 5.8102
angle: -2.7049513875653064
scale: 0.12891205052897153
