original_size: (468, 375)
shift_x: 6.6080
shift_y: -1.5769
angle: 2.220765793467665
scale: 0.12971815919518792
