original_size: (468, 375)
shift_x: 1.5602
shift_y: 5.9943
angle: -0.5968826993624576
scale: 0.1346497096657329
