original_size: (468, 375)
shift_x: -4.4328
shift_y: 4.9348
angle: -0.9885895339475059
scale: 0.13275886302461193
