original_size: (468, 375)
shift_x: 2.5547
shift_y: 1.3122
angle: -2.591845722187932
scale: 0.11984835397851637
