original_size: (468, 375)
shift_x: 0.0287
shift_y: -3.5601
angle: -1.2565793440567052
scale: 0.11955188265593178
