original_size: (920, 736)
shift_x: 0.1211
shift_y: 4.1261
angle: -2.1619180948873016
scale: 0.11414932114478074
