original_size: (920, 736)
shift_x: -4.4035
shift_y: -0.9654
angle: 2.692706968809354
scale: 0.13729890667100533
