original_size: (920, 736)
shift_x: 0.4570
shift_y: 5.8044
angle: 1.0936200689152988
scale: 0.12237364711361257
