original_size: (920, 736)
shift_x: 1.8909
shift_y: -6.4047
angle: -3.9588665983361224
scale: 0.13688880940726872
