original_size: (920, 736)
shift_x: 6.1102
shift_y: -4.6614
angle: -1.298900241045553
scale: 0.13611485918886465
