original_size: (920, 736)
shift_x: 1.4252
shift_y: -3.6309
angle: -1.0025172323323108
scale: 0.12179679367134577
