original_size: (920, 736)
shift_x: -1.8826
shift_y: -6.4422
angle: -2.5755091919296302
scale: 0.13445501682601776
