original_size: (920, 736)
shift_x: 0.6302
shift_y: -0.8651
angle: 1.3046309927476853
scale: 0.13596190042225134
