original_size: (920, 736)
shift_x: -0.6464
shift_y: 6.2705
angle: -1.2788256856823543
scale: 0.12812015192366782
