original_size: (920, 736)
shift_x: 1.9770
shift_y: 5.9418
angle: 3.3090593976434253
scale: 0.11841480130518446
