original_size: (920, 736)
shift_x: -0.1019
shift_y: 6.0463
angle: 1.8375229394509738
scale: 0.13648078172468117
