original_size: (920, 736)
shift_x: -3.5253
shift_y: 1.6501
angle: -3.9394081673308445
scale: 0.13147009504177964
