original_size: (920, 736)
shift_x: 0.6166
shift_y: 1.6488
angle: 3.1532484943271726
scale: 0.1287891940416116
