original_size: (920, 736)
shift_x: 0.1092
shift_y: 0.3395
angle: 0.4902282565381624
scale: 0.12310699319290212
