original_size: (920, 736)
shift_x: 1.7946
shift_y: -6.5898
angle: 1.2549211216889606
scale: 0.12361959450099783
