original_size: (920, 736)
shift_x: -5.2977
shift_y: -5.3890
angle: 4.59125181143917
scale: 0.11971350230895737
