original_size: (920, 736)
shift_x: -2.0998
shift_y: 2.6045
angle: -2.2153218423625045
scale: 0.12486227128897226
