original_size: (920, 736)
shift_x: -4.8087
shift_y: -2.5314
angle: -3.5971326520678737
scale: 0.12657814682845728
