original_size: (920, 736)
shift_x: 5.7947
shift_y: 3.4297
angle: 4.045122695516344
scale: 0.12363326227291957
