original_size: (920, 736)
shift_x: 0.4266
shift_y: 4.6104
angle: -2.6254027429656213
scale: 0.11311397453657954
