original_size: (921, 735)
shift_x: 2.4925
shift_y: -0.2001
angle: 4.348118725834368
scale: 0.1357862757551657
