original_size: (921, 735)
shift_x: 2.7426
shift_y: -5.9801
angle: 0.8948076585404987
scale: 0.13321145888210809
