original_size: (921, 735)
shift_x: 0.7942
shift_y: 0.0873
angle: -1.6403338285905478
scale: 0.12049389981775625
