original_size: (921, 735)
shift_x: 4.6757
shift_y: -1.6243
angle: 1.937289774621723
scale: 0.1259717303667182
