original_size: (921, 735)
shift_x: -0.1336
shift_y: 2.3914
angle: -1.9142429787242774
scale: 0.1353138127499212
