original_size: (921, 735)
shift_x: -5.4633
shift_y: -5.8056
angle: 2.102905825658471
scale: 0.11959885128948163
