original_size: (921, 735)
shift_x: 0.7318
shift_y: 0.2144
angle: 3.7279391232317103
scale: 0.1358753326802601
