original_size: (921, 735)
shift_x: -5.1507
shift_y: -5.8955
angle: 2.321798097449509
scale: 0.12602327842931674
