original_size: (921, 735)
shift_x: 5.4525
shift_y: -0.0699
angle: 4.9732522725392005
scale: 0.11913163760319999
