original_size: (921, 735)
shift_x: -5.2657
shift_y: -3.2688
angle: 4.153686500274635
scale: 0.12142157764201258
