original_size: (853, 640)
shift_x: 5.9524
shift_y: 3.9131
angle: 3.9064482718617715
scale: 0.11422921136067832
