original_size: (853, 640)
shift_x: 6.9406
shift_y: 1.2459
angle: 2.0644777252241706
scale: 0.11686693626775797
