original_size: (853, 640)
shift_x: 2.2599
shift_y: 0.2875
angle: -3.027330525381924
scale: 0.11835858637378247
