original_size: (853, 640)
shift_x: 3.6463
shift_y: 1.1476
angle: -2.497294317548422
scale: 0.12946515214902
