original_size: (853, 640)
shift_x: 0.0693
shift_y: 6.5900
angle: -4.624614949005864
scale: 0.13563681118833684
