original_size: (853, 640)
shift_x: -0.8828
shift_y: 6.6757
angle: -0.5521986381852564
scale: 0.11965438824462425
