original_size: (853, 640)
shift_x: 3.7744
shift_y: 3.6468
angle: -2.448965826389836
scale: 0.12263122778252059
