original_size: (853, 640)
shift_x: -3.3255
shift_y: -1.9578
angle: 3.3078840420980047
scale: 0.11387112255846715
