original_size: (853, 640)
shift_x: 2.3144
shift_y: 3.1099
angle: 2.716633017425406
scale: 0.1175807408740758
