original_size: (853, 640)
shift_x: 3.8622
shift_y: 1.9300
angle: -2.344640950615897
scale: 0.12051742230010663
