original_size: (626, 417)
shift_x: -3.7167
shift_y: 1.6404
angle: 1.3610633737109392
scale: 0.11434908994409299
