original_size: (626, 417)
shift_x: -6.8486
shift_y: 5.2113
angle: -1.6957129211496058
scale: 0.11607176750814087
