original_size: (626, 417)
shift_x: 4.1980
shift_y: 3.0032
angle: 4.349786647129092
scale: 0.12794358014229024
