original_size: (626, 417)
shift_x: 4.1542
shift_y: -1.9572
angle: -4.58973139396102
scale: 0.11878468429677254
