original_size: (626, 417)
shift_x: 4.2283
shift_y: 2.7920
angle: 4.737041021527185
scale: 0.11654681715140705
