original_size: (626, 417)
shift_x: -1.8996
shift_y: 5.0955
angle: 0.7958517341829765
scale: 0.11696335921395133
