original_size: (626, 417)
shift_x: 2.0027
shift_y: -4.2416
angle: 0.9250698944147961
scale: 0.12946697382293526
