original_size: (626, 417)
shift_x: 6.4281
shift_y: 3.0833
angle: 0.9285250840194763
scale: 0.1300545204558099
