original_size: (626, 417)
shift_x: -5.0764
shift_y: -3.8004
angle: 2.39630954651547
scale: 0.13551091409985497
