original_size: (626, 417)
shift_x: 4.4481
shift_y: 4.3476
angle: 0.4700359440580737
scale: 0.11526193916618928
