original_size: (525, 735)
shift_x: 0.1333
shift_y: 2.2002
angle: -0.7316865760697686
scale: 0.11266201574725151
