original_size: (525, 735)
shift_x: -2.1844
shift_y: 6.5048
angle: 1.4603759335990212
scale: 0.13097401605483633
