original_size: (525, 735)
shift_x: -0.1229
shift_y: -6.1268
angle: -0.32303504092646573
scale: 0.12224575635802566
