original_size: (525, 735)
shift_x: -1.8963
shift_y: 2.9870
angle: -4.4163693615891395
scale: 0.13124428096078664
