original_size: (525, 735)
shift_x: -0.4897
shift_y: 3.4204
angle: 0.3180963199809881
scale: 0.11658183748356464
