original_size: (525, 735)
shift_x: 3.1551
shift_y: -5.2776
angle: -4.309824419353058
scale: 0.12802657115179286
