original_size: (525, 735)
shift_x: 2.6605
shift_y: 2.2028
angle: 1.746752035062312
scale: 0.1191136299286292
