original_size: (525, 735)
shift_x: 0.6320
shift_y: -4.4348
angle: -2.218722119168036
scale: 0.117565941293945
