original_size: (525, 735)
shift_x: -0.3233
shift_y: 6.7112
angle: 4.107351111521497
scale: 0.1171976114539495
