original_size: (525, 735)
shift_x: 4.1469
shift_y: -0.0494
angle: -0.928075533489988
scale: 0.12940905324730315
