original_size: (1313, 736)
shift_x: 0.9252
shift_y: 0.6001
angle: -3.9051331617308396
scale: 0.12263902494355275
