original_size: (1313, 736)
shift_x: -2.0757
shift_y: 6.6710
angle: 4.169236633281585
scale: 0.11539055844001707
