original_size: (1313, 736)
shift_x: -6.8673
shift_y: -0.0861
angle: -4.956971670587298
scale: 0.12994137692341196
