original_size: (1313, 736)
shift_x: 2.1266
shift_y: -3.2585
angle: -0.2022588198143378
scale: 0.13436174507263948
