original_size: (1313, 736)
shift_x: -1.5021
shift_y: -6.7013
angle: 3.702895263291854
scale: 0.12866704078021937
