original_size: (1313, 736)
shift_x: -0.9433
shift_y: 6.0192
angle: -1.1005964655670675
scale: 0.12315757119726115
