original_size: (1313, 736)
shift_x: 6.2240
shift_y: 4.1181
angle: -3.375230005271063
scale: 0.13195407543016588
