original_size: (1313, 736)
shift_x: 5.0303
shift_y: 2.1688
angle: 4.602397658844632
scale: 0.11555311904517308
