original_size: (1313, 736)
shift_x: -5.5028
shift_y: -1.1804
angle: -2.9579818257398216
scale: 0.12195264743312784
