original_size: (1313, 736)
shift_x: -1.7818
shift_y: -0.1483
angle: -0.010352410408645873
scale: 0.13203798023006083
