original_size: (900, 600)
shift_x: 5.3796
shift_y: -5.1233
angle: 0.5998567028396726
scale: 0.11773785627710882
