original_size: (900, 600)
shift_x: -5.3692
shift_y: 3.8237
angle: -3.5136932090793227
scale: 0.11553918188556547
