original_size: (900, 600)
shift_x: 0.0344
shift_y: -5.5975
angle: 0.06983628914742468
scale: 0.12808994026277815
