original_size: (900, 600)
shift_x: -2.4728
shift_y: 6.5749
angle: -2.3104534157213994
scale: 0.1275800718931107
