original_size: (900, 600)
shift_x: 3.5213
shift_y: -1.6143
angle: 4.529966871105918
scale: 0.1301440455735869
