original_size: (900, 600)
shift_x: -2.5546
shift_y: -5.6806
angle: 3.547607073752962
scale: 0.13241481623257434
