original_size: (900, 600)
shift_x: -0.3038
shift_y: 5.1918
angle: 2.3170846515400525
scale: 0.1173740391985816
