original_size: (900, 600)
shift_x: 4.0496
shift_y: -3.2046
angle: -0.4929380824177487
scale: 0.1272824570059057
