original_size: (900, 600)
shift_x: -6.1052
shift_y: 3.3411
angle: -1.2819006759192595
scale: 0.11773192415700527
