original_size: (900, 600)
shift_x: -6.3515
shift_y: -5.1913
angle: 4.953353711509511
scale: 0.12040644534548657
