original_size: (1111, 736)
shift_x: 0.4112
shift_y: 2.3405
angle: 1.8659427200770429
scale: 0.12749299998496266
