original_size: (1111, 736)
shift_x: -6.8403
shift_y: -2.0988
angle: 1.9184203863517846
scale: 0.11973143478101476
