original_size: (1111, 736)
shift_x: -5.8501
shift_y: 5.4456
angle: -1.8243790442527885
scale: 0.11375005962539107
