original_size: (1111, 736)
shift_x: 6.2063
shift_y: 3.7423
angle: 2.3900345776863388
scale: 0.11382205692901702
