original_size: (1111, 736)
shift_x: 1.7455
shift_y: -6.3655
angle: -0.9510896162104441
scale: 0.13179260606579762
