original_size: (1111, 736)
shift_x: 0.4958
shift_y: 6.8610
angle: -0.4050406335414998
scale: 0.1366006596552158
