original_size: (1111, 736)
shift_x: 5.7765
shift_y: 3.0917
angle: -4.300731054793385
scale: 0.13642045423233046
