original_size: (1111, 736)
shift_x: 1.5971
shift_y: -4.4537
angle: 4.142346742608332
scale: 0.11888570599182285
