original_size: (1111, 736)
shift_x: -0.5757
shift_y: 1.9446
angle: -1.909972413507858
scale: 0.12632836820820117
