original_size: (1111, 736)
shift_x: 5.3702
shift_y: 1.1229
angle: 2.2328055079029134
scale: 0.12242223459768399
