original_size: (736, 736)
shift_x: -2.8134
shift_y: -6.8434
angle: -2.887629739173315
scale: 0.13078872337775152
