original_size: (736, 736)
shift_x: -1.2438
shift_y: -5.5128
angle: -4.90985887963879
scale: 0.1356094799487426
