original_size: (736, 736)
shift_x: 1.4398
shift_y: -5.6356
angle: -2.920544961391159
scale: 0.12504076207596443
