original_size: (736, 736)
shift_x: 5.8269
shift_y: 5.0169
angle: 0.34941082701409254
scale: 0.13089202614707363
