original_size: (736, 736)
shift_x: -5.8856
shift_y: -1.6191
angle: -4.997620385357386
scale: 0.13112428425782546
