original_size: (736, 736)
shift_x: 2.5122
shift_y: -3.9550
angle: -2.8542254037217454
scale: 0.11415597841125368
