original_size: (736, 736)
shift_x: 2.8089
shift_y: -1.9636
angle: 3.9697826422878713
scale: 0.11550622496879703
