original_size: (736, 736)
shift_x: 5.7694
shift_y: -2.4543
angle: 3.7186845434881253
scale: 0.13742762200657352
