original_size: (736, 736)
shift_x: 0.1427
shift_y: -2.4297
angle: 1.1512906944186971
scale: 0.136505738414077
