original_size: (736, 736)
shift_x: 4.4068
shift_y: 5.1082
angle: 0.9908711613168188
scale: 0.11543485061937003
