original_size: (490, 735)
shift_x: -6.4978
shift_y: 1.7239
angle: 3.0444388436162164
scale: 0.1356021948809105
