original_size: (490, 735)
shift_x: 1.7444
shift_y: 0.9650
angle: 3.055402018208019
scale: 0.1367523135735356
