original_size: (490, 735)
shift_x: 6.7044
shift_y: 2.9245
angle: -3.11936747926569
scale: 0.13093567367222209
