original_size: (490, 735)
shift_x: -2.4375
shift_y: -4.9807
angle: 3.076277640207998
scale: 0.1333041066243561
