original_size: (490, 735)
shift_x: -3.0617
shift_y: -5.9004
angle: -2.802228043241085
scale: 0.1279552867485906
