original_size: (490, 735)
shift_x: 0.9292
shift_y: -4.9968
angle: 0.32191924923535886
scale: 0.1289564349150837
