original_size: (490, 735)
shift_x: -0.0755
shift_y: 4.0949
angle: 4.572891750464496
scale: 0.12221352185748462
