original_size: (490, 735)
shift_x: 3.1859
shift_y: 3.4372
angle: 2.3688286216416685
scale: 0.11713997101842426
