original_size: (490, 735)
shift_x: -4.3598
shift_y: 6.2366
angle: -3.245881263497009
scale: 0.12620816603651017
