original_size: (490, 735)
shift_x: -4.9959
shift_y: -5.9278
angle: -2.0922410495260033
scale: 0.12324138277728267
