original_size: (591, 474)
shift_x: 6.9560
shift_y: 6.5941
angle: 4.675155922739339
scale: 0.13273420440600017
