original_size: (591, 474)
shift_x: 2.2142
shift_y: 0.1112
angle: -3.7748065212783057
scale: 0.11664176806793411
