original_size: (591, 474)
shift_x: 5.9950
shift_y: 5.6889
angle: -1.2261403838363858
scale: 0.13243436300967756
