original_size: (591, 474)
shift_x: -0.5086
shift_y: 5.6467
angle: 4.392885949644182
scale: 0.1300903309279043
