original_size: (591, 474)
shift_x: -5.6789
shift_y: 3.5578
angle: 4.258444706234844
scale: 0.12081223107161632
