original_size: (591, 474)
shift_x: 2.6715
shift_y: 5.1254
angle: 3.052456405661399
scale: 0.13043295858526935
