original_size: (591, 474)
shift_x: 3.1395
shift_y: -5.8605
angle: 1.6349418127108635
scale: 0.12889507894754643
