original_size: (591, 474)
shift_x: 0.6798
shift_y: -1.9289
angle: 1.7494620901154203
scale: 0.13108932316774827
