original_size: (591, 474)
shift_x: -5.1763
shift_y: -6.6534
angle: 3.3273287490090624
scale: 0.11323160663732683
