original_size: (591, 474)
shift_x: -2.2857
shift_y: -0.2973
angle: 2.6454561458239283
scale: 0.12638262836724068
