original_size: (736, 736)
shift_x: -5.8471
shift_y: 6.6194
angle: -1.858595902118366
scale: 0.1276873827251326
