original_size: (736, 736)
shift_x: 1.2427
shift_y: 4.9028
angle: 3.860993618959176
scale: 0.11434801530519521
