original_size: (736, 736)
shift_x: -0.1211
shift_y: -5.9036
angle: 0.35436970294544956
scale: 0.1274259493152912
