original_size: (736, 736)
shift_x: 4.0889
shift_y: 3.8938
angle: 2.3515312694853696
scale: 0.13269339385865198
