original_size: (736, 736)
shift_x: 5.1447
shift_y: 3.5881
angle: -3.263129933377501
scale: 0.1255160859936096
