original_size: (736, 736)
shift_x: 6.2377
shift_y: 6.9021
angle: -3.2140574356983342
scale: 0.11939816539914586
