original_size: (736, 736)
shift_x: -3.4595
shift_y: 0.8072
angle: 2.6350028589780745
scale: 0.12974119918264113
