original_size: (736, 736)
shift_x: -6.2884
shift_y: 4.9980
angle: -2.8540435149557632
scale: 0.12639526996444317
