original_size: (736, 736)
shift_x: -5.4928
shift_y: 0.7438
angle: 2.8296420615281113
scale: 0.13712008054664496
