original_size: (736, 736)
shift_x: -2.2358
shift_y: -0.8998
angle: 4.387922551083053
scale: 0.11846282030286003
