original_size: (981, 736)
shift_x: -4.4761
shift_y: -3.6088
angle: 4.736271116105691
scale: 0.1288920326483507
