original_size: (981, 736)
shift_x: 2.3459
shift_y: -3.9798
angle: -2.4193966186089932
scale: 0.11759931728105766
