original_size: (981, 736)
shift_x: 4.0608
shift_y: 4.2408
angle: 1.7193006576936671
scale: 0.132596068927059
