original_size: (981, 736)
shift_x: -0.4890
shift_y: 0.2425
angle: 1.995775491186902
scale: 0.11736765689274095
