original_size: (981, 736)
shift_x: -0.4959
shift_y: -3.4206
angle: -4.223065064760373
scale: 0.12010821134116242
