original_size: (981, 736)
shift_x: -4.4970
shift_y: 0.5433
angle: 0.04864688914877924
scale: 0.12564238437176184
