original_size: (981, 736)
shift_x: -1.7267
shift_y: -5.3813
angle: -3.407608897860949
scale: 0.11798147756207154
