original_size: (981, 736)
shift_x: -5.1570
shift_y: 3.4061
angle: 0.7364636765267107
scale: 0.12674469195414861
