original_size: (981, 736)
shift_x: -5.3719
shift_y: 3.6368
angle: 2.761437089387341
scale: 0.11868266253418139
