original_size: (981, 736)
shift_x: -0.2445
shift_y: -0.5050
angle: 3.9128626087533505
scale: 0.1297101373936665
