original_size: (736, 736)
shift_x: -3.2796
shift_y: -0.6869
angle: -1.0460281767161628
scale: 0.11306649272477234
