original_size: (736, 736)
shift_x: 0.0141
shift_y: 3.3794
angle: 1.5246667080410523
scale: 0.11280472690339098
