original_size: (736, 736)
shift_x: -1.9071
shift_y: 2.0152
angle: -1.196556432235647
scale: 0.12610852344850004
