original_size: (736, 736)
shift_x: 2.2122
shift_y: -3.4967
angle: 3.0180502085313776
scale: 0.1350272133870355
