original_size: (736, 736)
shift_x: -1.2192
shift_y: -6.1937
angle: -1.3709266805264333
scale: 0.1337031401379096
