original_size: (736, 736)
shift_x: 5.1719
shift_y: -4.0040
angle: -2.5603889025869355
scale: 0.11548814452059117
