original_size: (736, 736)
shift_x: 3.5908
shift_y: 4.3671
angle: 0.53383175870212
scale: 0.12917758932915188
