original_size: (736, 736)
shift_x: 0.1105
shift_y: -5.9160
angle: -4.701131906697837
scale: 0.1310242127470079
