original_size: (736, 736)
shift_x: 4.5532
shift_y: -6.4040
angle: 3.1137545324902636
scale: 0.11407441940840447
