original_size: (736, 736)
shift_x: 2.2127
shift_y: 0.2935
angle: -4.4991136198609185
scale: 0.12830852356419803
