original_size: (497, 634)
shift_x: -4.8753
shift_y: 3.3330
angle: 2.7500526850589306
scale: 0.13287502206546736
