original_size: (497, 634)
shift_x: -4.6829
shift_y: 5.9343
angle: -3.898685671766499
scale: 0.12916873603508608
