original_size: (497, 634)
shift_x: -3.5633
shift_y: -0.0212
angle: 1.7201455126100127
scale: 0.12336541933005885
