original_size: (497, 634)
shift_x: 6.3445
shift_y: 3.7697
angle: -4.382088011539382
scale: 0.13198678718896348
