original_size: (497, 634)
shift_x: 0.4648
shift_y: -2.7931
angle: -3.516265470550394
scale: 0.12286107308657353
