original_size: (497, 634)
shift_x: 0.0251
shift_y: 3.2368
angle: 4.822450564671396
scale: 0.1137480643267464
