original_size: (497, 634)
shift_x: 4.4732
shift_y: 4.3512
angle: 0.04930026006487953
scale: 0.12515863893089396
