original_size: (497, 634)
shift_x: 6.1642
shift_y: 0.6256
angle: 0.9672342645646292
scale: 0.12574916538631012
