original_size: (497, 634)
shift_x: -0.4730
shift_y: 0.8305
angle: 3.8656806433542474
scale: 0.13006800973898686
