original_size: (497, 634)
shift_x: 2.9034
shift_y: 4.4558
angle: -1.4562561834864307
scale: 0.13383804160569351
