original_size: (981, 736)
shift_x: -0.9038
shift_y: 0.8954
angle: -3.1584824872590445
scale: 0.5049616943494822
