original_size: (981, 736)
shift_x: 0.6535
shift_y: -0.9305
angle: 1.1597221478384938
scale: 0.5119815718582491
