original_size: (981, 736)
shift_x: -0.2192
shift_y: -0.2447
angle: -2.1014103953891228
scale: 0.497807042576723
