original_size: (981, 736)
shift_x: 0.5951
shift_y: -0.8504
angle: -4.688030551847612
scale: 0.5261432360815625
