original_size: (981, 736)
shift_x: 0.0604
shift_y: 0.3144
angle: -4.924049519844265
scale: 0.4712116623844501
