original_size: (981, 736)
shift_x: -0.9953
shift_y: 0.7200
angle: -2.9029799157125624
scale: 0.5499536168219452
