original_size: (981, 736)
shift_x: 0.9475
shift_y: 0.3839
angle: 0.12783709071065186
scale: 0.47405909092972637
