original_size: (981, 736)
shift_x: -0.0464
shift_y: 0.9277
angle: 1.9174394688792837
scale: 0.51202567145782
