original_size: (981, 736)
shift_x: -0.5438
shift_y: -0.4461
angle: 3.4267156570024877
scale: 0.4738667431395201
