original_size: (981, 736)
shift_x: 0.9939
shift_y: 0.8626
angle: 3.8424403619855934
scale: 0.5240476760668138
