original_size: (981, 736)
shift_x: 0.9962
shift_y: -0.4157
angle: 1.1780601101454815
scale: 0.5323841019727029
