original_size: (981, 736)
shift_x: -0.2277
shift_y: 0.2885
angle: 4.779706209712822
scale: 0.4792913385933551
