original_size: (981, 736)
shift_x: 0.7732
shift_y: 0.4646
angle: -0.21930121225972687
scale: 0.5464243770386031
