original_size: (981, 736)
shift_x: -0.9766
shift_y: 0.6970
angle: 2.8364421356998717
scale: 0.4655596901230454
