original_size: (981, 736)
shift_x: -0.5636
shift_y: -0.4563
angle: 4.230220622524044
scale: 0.4765023414133544
