original_size: (981, 736)
shift_x: 0.5549
shift_y: -0.5502
angle: 4.927564922688932
scale: 0.484950279071308
