original_size: (981, 736)
shift_x: -0.9791
shift_y: -0.2012
angle: 2.6687327579920854
scale: 0.4879768374660414
