original_size: (981, 736)
shift_x: 0.5949
shift_y: 0.7221
angle: -1.01018217498729
scale: 0.5021592199840557
