original_size: (981, 736)
shift_x: -0.2526
shift_y: 0.1618
angle: 3.428142835274542
scale: 0.48771632186312197
