original_size: (981, 736)
shift_x: -0.0587
shift_y: 0.6911
angle: 3.817282543232956
scale: 0.4655560948609677
