original_size: (1309, 736)
shift_x: -0.4210
shift_y: 0.1614
angle: 4.809766930597711
scale: 0.5440694979606941
