original_size: (1309, 736)
shift_x: 0.9254
shift_y: 0.5299
angle: -0.4741703041561447
scale: 0.5175856485676135
