original_size: (1309, 736)
shift_x: -0.4067
shift_y: 0.6193
angle: 0.28999023799577994
scale: 0.4555176200927968
