original_size: (1309, 736)
shift_x: -0.0212
shift_y: -0.7280
angle: -2.462614930317475
scale: 0.4802542667492716
