original_size: (1309, 736)
shift_x: 0.2240
shift_y: -0.6619
angle: 2.5905609527626563
scale: 0.5080771856642213
