original_size: (1309, 736)
shift_x: 0.1313
shift_y: 0.2950
angle: 3.4041646918165895
scale: 0.46574012202950194
