original_size: (1309, 736)
shift_x: -0.4844
shift_y: 0.2405
angle: -2.4514043777387173
scale: 0.5408123771914274
