original_size: (1309, 736)
shift_x: 0.9967
shift_y: -0.4694
angle: 2.652583569266148
scale: 0.5316706685309854
