original_size: (1309, 736)
shift_x: 0.5513
shift_y: 0.2463
angle: 4.60716608812189
scale: 0.5430323948157959
