original_size: (1309, 736)
shift_x: 0.1855
shift_y: -0.1343
angle: 1.0577843411056822
scale: 0.46031123717726824
