original_size: (981, 736)
shift_x: 0.8681
shift_y: -0.6537
angle: -3.8396125607685527
scale: 0.4853468442329963
