original_size: (981, 736)
shift_x: -0.5511
shift_y: -0.2914
angle: 3.0554354274336077
scale: 0.4525674367135742
