original_size: (981, 736)
shift_x: -0.1472
shift_y: -0.5428
angle: -2.4666367666795628
scale: 0.4525865312701127
