original_size: (981, 736)
shift_x: 0.7613
shift_y: 0.9134
angle: 4.127716644102556
scale: 0.45484702403447624
