original_size: (981, 736)
shift_x: -0.0855
shift_y: -0.6088
angle: 0.7088712386123746
scale: 0.49483440149005903
