original_size: (981, 736)
shift_x: -0.3304
shift_y: -0.2532
angle: -4.967029864473388
scale: 0.48484914110880223
