original_size: (981, 736)
shift_x: 0.5365
shift_y: 0.8630
angle: -0.9732785572947078
scale: 0.5363090880687172
