original_size: (981, 736)
shift_x: 0.7875
shift_y: -0.3655
angle: 2.6956166912751023
scale: 0.4936935027987686
