original_size: (981, 736)
shift_x: 0.3469
shift_y: -0.6964
angle: 4.528947123663638
scale: 0.49501973713538877
