original_size: (981, 736)
shift_x: 0.4582
shift_y: 0.5509
angle: -4.576349381593602
scale: 0.5090612085324646
