original_size: (981, 736)
shift_x: -0.9954
shift_y: -0.5855
angle: -0.06211442302108683
scale: 0.5162187230288587
