original_size: (981, 736)
shift_x: 0.8248
shift_y: 0.9542
angle: 2.0900830365289647
scale: 0.5340414993507031
