original_size: (981, 736)
shift_x: -0.1948
shift_y: -0.9388
angle: 1.843152412783187
scale: 0.5091107865793114
