original_size: (981, 736)
shift_x: -0.0038
shift_y: -0.3472
angle: -4.343063428729428
scale: 0.47285955491354165
