original_size: (981, 736)
shift_x: 0.4831
shift_y: -0.4191
angle: -1.275730736825694
scale: 0.5058319353398487
