original_size: (981, 736)
shift_x: -0.4638
shift_y: -0.1442
angle: -1.0387959669379612
scale: 0.5247346756358848
