original_size: (981, 736)
shift_x: -0.5702
shift_y: -0.0707
angle: -4.8278671198201994
scale: 0.4774231598748716
