original_size: (981, 736)
shift_x: -0.9074
shift_y: 0.9624
angle: 4.450306262577223
scale: 0.4898704366925979
