original_size: (981, 736)
shift_x: 0.8824
shift_y: 0.2796
angle: -1.198385124985748
scale: 0.5145893339537881
