original_size: (981, 736)
shift_x: -0.0244
shift_y: 0.3865
angle: -4.22745397314666
scale: 0.4841560176625131
