original_size: (920, 736)
shift_x: -0.8545
shift_y: -0.2882
angle: 2.2553908875936113
scale: 0.5380724191868913
