original_size: (920, 736)
shift_x: 0.5490
shift_y: 0.7065
angle: -2.6279837445587875
scale: 0.4546607275528784
