original_size: (920, 736)
shift_x: -0.7904
shift_y: -0.6216
angle: 2.955836308450027
scale: 0.46952960885326256
