original_size: (920, 736)
shift_x: -0.2363
shift_y: 0.4011
angle: 3.65717067947325
scale: 0.48726741451065936
