original_size: (920, 736)
shift_x: 0.1146
shift_y: -0.9665
angle: 0.13604845031495927
scale: 0.5154433888683636
