original_size: (920, 736)
shift_x: -0.2163
shift_y: 0.8972
angle: -4.8393826483552544
scale: 0.5487296379119035
