original_size: (920, 736)
shift_x: 0.1038
shift_y: 0.7394
angle: -4.700239557390602
scale: 0.5490747826158534
