original_size: (920, 736)
shift_x: -0.6391
shift_y: 0.5282
angle: -2.4169115662435847
scale: 0.5170593659674789
