original_size: (920, 736)
shift_x: -0.3828
shift_y: 0.0305
angle: -2.3278122434418758
scale: 0.4759276964579158
