original_size: (920, 736)
shift_x: 0.4825
shift_y: -0.5677
angle: 0.7891416376144473
scale: 0.5267535224886699
