original_size: (1001, 736)
shift_x: 0.7834
shift_y: -0.8912
angle: -4.997154850522808
scale: 0.48639390243242175
