original_size: (1001, 736)
shift_x: 0.8065
shift_y: -0.8099
angle: -3.530694134402701
scale: 0.4952427254977806
