original_size: (1001, 736)
shift_x: -0.1141
shift_y: 0.8707
angle: -4.058260142111924
scale: 0.5485230720681054
