original_size: (1001, 736)
shift_x: 0.8845
shift_y: -0.9451
angle: -0.7203852247586005
scale: 0.482306793382255
