original_size: (1001, 736)
shift_x: -0.5331
shift_y: 0.4997
angle: -2.618796414012452
scale: 0.5291161097830386
