original_size: (1001, 736)
shift_x: 0.9106
shift_y: -0.8028
angle: 0.48053285141302116
scale: 0.5100980932337384
