original_size: (1001, 736)
shift_x: -0.2638
shift_y: 0.5336
angle: -1.1491344167155404
scale: 0.4856802244181793
