original_size: (1001, 736)
shift_x: 0.5833
shift_y: -0.6804
angle: 2.7192586436622204
scale: 0.5240350885023813
