original_size: (1001, 736)
shift_x: 0.0947
shift_y: 0.2609
angle: 1.624414581348744
scale: 0.5142509841420321
