original_size: (1001, 736)
shift_x: -0.5973
shift_y: 0.0622
angle: -3.4792073914862245
scale: 0.46711947574143536
