original_size: (800, 449)
shift_x: -0.5483
shift_y: -0.8864
angle: -1.3021114193142633
scale: 0.5481335487144375
