original_size: (800, 449)
shift_x: 0.3948
shift_y: 0.4311
angle: -4.591579081428718
scale: 0.514294291739085
