original_size: (800, 449)
shift_x: -0.6383
shift_y: -0.0625
angle: -3.089928626689933
scale: 0.5287222649940932
