original_size: (800, 449)
shift_x: 0.1519
shift_y: 0.5123
angle: 4.012238393953762
scale: 0.5049918512624835
