original_size: (800, 449)
shift_x: -0.5342
shift_y: 0.1647
angle: 3.198046024860238
scale: 0.5163455043429808
