original_size: (800, 449)
shift_x: -0.4788
shift_y: -0.7035
angle: -3.0499599496932603
scale: 0.513867094131107
