original_size: (800, 449)
shift_x: -0.2716
shift_y: 0.1786
angle: -2.1494007780033595
scale: 0.46760880952875333
