original_size: (800, 449)
shift_x: -0.2183
shift_y: -0.6178
angle: -1.6170455102044778
scale: 0.5042827809861933
