original_size: (800, 449)
shift_x: 0.8316
shift_y: -0.7387
angle: -0.7022083122318925
scale: 0.48627247740284796
