original_size: (800, 449)
shift_x: 0.2702
shift_y: 0.4370
angle: 0.6405942527654691
scale: 0.5359929816771702
