original_size: (981, 736)
shift_x: 0.5706
shift_y: -0.4056
angle: 2.2216299991992203
scale: 0.5200195832688326
