original_size: (981, 736)
shift_x: -0.6697
shift_y: -0.4879
angle: -2.9937127917757875
scale: 0.4793364425765683
