original_size: (981, 736)
shift_x: 0.6450
shift_y: -0.5453
angle: 2.14068929441349
scale: 0.5041055278696438
