original_size: (981, 736)
shift_x: 0.8012
shift_y: -0.7119
angle: -1.4775292679301866
scale: 0.4699263241449272
