original_size: (981, 736)
shift_x: 0.1465
shift_y: 0.0021
angle: -4.191276996679038
scale: 0.5270699599557757
