original_size: (981, 736)
shift_x: 0.8361
shift_y: 0.0585
angle: -3.6078513518568323
scale: 0.5126452604547007
