original_size: (981, 736)
shift_x: 0.1832
shift_y: 0.1002
angle: 1.215844856991211
scale: 0.4969219608871472
