original_size: (981, 736)
shift_x: -0.5722
shift_y: 0.3940
angle: -0.9755927967851319
scale: 0.5007336347014345
