original_size: (981, 736)
shift_x: -0.7728
shift_y: -0.8230
angle: -1.96338384689588
scale: 0.4951116139089934
