original_size: (981, 736)
shift_x: -0.3433
shift_y: -0.1709
angle: -0.34422591534823166
scale: 0.4864564358659627
