original_size: (1104, 736)
shift_x: 0.0827
shift_y: 0.2347
angle: 4.008380714335274
scale: 0.4548467076889847
