original_size: (1104, 736)
shift_x: 0.5924
shift_y: 0.3102
angle: 1.4831779543952592
scale: 0.5494337688200183
