original_size: (1104, 736)
shift_x: 0.3840
shift_y: -0.7443
angle: -4.138200058983182
scale: 0.4932147582560102
