original_size: (1104, 736)
shift_x: -0.9859
shift_y: -0.1804
angle: 2.8657336918896528
scale: 0.5404320348356447
