original_size: (1104, 736)
shift_x: -0.8463
shift_y: 0.1505
angle: 3.0835816003511507
scale: 0.5488775671635815
