original_size: (1104, 736)
shift_x: 0.9404
shift_y: -0.8710
angle: -0.7192784264503143
scale: 0.4593060560840211
