original_size: (1104, 736)
shift_x: 0.4239
shift_y: 0.7992
angle: -4.877937818144771
scale: 0.5201596285317146
