original_size: (1104, 736)
shift_x: 0.3502
shift_y: 0.3599
angle: -2.161177036679071
scale: 0.5389456146536826
