original_size: (1104, 736)
shift_x: 0.1079
shift_y: -0.7303
angle: -4.520311325589863
scale: 0.49178229960984376
