original_size: (1104, 736)
shift_x: -0.5712
shift_y: -0.0588
angle: -3.0020478413430016
scale: 0.4881148356642065
