original_size: (981, 736)
shift_x: -0.0910
shift_y: 0.3454
angle: -4.571873770486601
scale: 0.5122593663924591
