original_size: (981, 736)
shift_x: -0.5983
shift_y: 0.7663
angle: -4.951903255841944
scale: 0.5371780239919667
