original_size: (981, 736)
shift_x: -0.3145
shift_y: -0.7714
angle: -4.64264867535751
scale: 0.5198211453580229
