original_size: (981, 736)
shift_x: -0.7719
shift_y: -0.6661
angle: -0.5646198450704798
scale: 0.5048884816392969
