original_size: (981, 736)
shift_x: 0.6960
shift_y: -0.2004
angle: 2.9756398833878404
scale: 0.4594776753582271
