original_size: (981, 736)
shift_x: -0.6828
shift_y: 0.9308
angle: -0.1802030942688866
scale: 0.5169115837115633
