original_size: (981, 736)
shift_x: 0.3448
shift_y: 0.1566
angle: -3.4721919992564487
scale: 0.5079543748659295
