original_size: (981, 736)
shift_x: -0.9258
shift_y: -0.1328
angle: 0.7027925599734628
scale: 0.5359502389151481
