original_size: (981, 736)
shift_x: -0.4212
shift_y: -0.5580
angle: 1.8868733156546993
scale: 0.5269038332080875
