original_size: (981, 736)
shift_x: 0.3964
shift_y: -0.1326
angle: -2.402692522834392
scale: 0.4837758656387605
