original_size: (1136, 640)
shift_x: 0.3939
shift_y: -0.9122
angle: -0.7205982367215071
scale: 0.5012108839106456
