original_size: (1136, 640)
shift_x: -0.1834
shift_y: 0.9939
angle: -3.539580539031799
scale: 0.45406819028394485
