original_size: (1136, 640)
shift_x: 0.8048
shift_y: -0.2067
angle: 1.8637216972619992
scale: 0.49862402747462586
