original_size: (1136, 640)
shift_x: -0.7673
shift_y: -0.1408
angle: 2.4617538713405978
scale: 0.5110127139297564
