original_size: (1136, 640)
shift_x: -0.8163
shift_y: -0.9659
angle: -3.136733804124887
scale: 0.5185302111775907
