original_size: (1136, 640)
shift_x: -0.4486
shift_y: 0.1705
angle: -0.7536600692485802
scale: 0.5258801254942865
