original_size: (1136, 640)
shift_x: -0.9094
shift_y: 0.2624
angle: -0.0826207424722103
scale: 0.5118073106082175
