original_size: (1136, 640)
shift_x: 0.0280
shift_y: 0.1715
angle: 3.4773991222068847
scale: 0.5150592746191829
