original_size: (1136, 640)
shift_x: 0.4481
shift_y: -0.0959
angle: -4.5369865356680705
scale: 0.49720198774854746
