original_size: (1136, 640)
shift_x: -0.0336
shift_y: -0.7389
angle: 4.81663141988175
scale: 0.507734022209807
