original_size: (736, 736)
shift_x: 0.1885
shift_y: 0.8453
angle: 0.43985535015564015
scale: 0.4855065720330357
