original_size: (736, 736)
shift_x: 0.5602
shift_y: -0.9988
angle: -2.5076410881486177
scale: 0.4876541299495526
