original_size: (736, 736)
shift_x: 0.1429
shift_y: 0.3652
angle: 4.352317131052789
scale: 0.48322803866490216
