original_size: (736, 736)
shift_x: 0.4367
shift_y: 0.5864
angle: -4.352210619706735
scale: 0.48344481640899695
