original_size: (736, 736)
shift_x: 0.3016
shift_y: 0.4367
angle: -0.09241212394488407
scale: 0.49553443176580436
