original_size: (736, 736)
shift_x: -0.7535
shift_y: 0.6662
angle: 3.6005319529547695
scale: 0.47032270421281375
