original_size: (736, 736)
shift_x: -0.3786
shift_y: 0.9366
angle: -3.2557492635676266
scale: 0.4969629555378711
