original_size: (736, 736)
shift_x: -0.6091
shift_y: -0.9680
angle: -4.667658863432025
scale: 0.5416239288009316
