original_size: (736, 736)
shift_x: -0.8520
shift_y: -0.9763
angle: -4.609187243246583
scale: 0.5295731221143226
