original_size: (736, 736)
shift_x: -0.8057
shift_y: 0.5929
angle: 0.06829633470802676
scale: 0.5020305217731104
