original_size: (920, 736)
shift_x: -0.4143
shift_y: -0.3222
angle: -1.5530170878348883
scale: 0.47466467533524903
