original_size: (920, 736)
shift_x: 0.7935
shift_y: 0.9634
angle: -2.7811494996386674
scale: 0.48904356899397594
