original_size: (920, 736)
shift_x: -0.9255
shift_y: 0.4342
angle: -4.361757092456832
scale: 0.5226862806676139
