original_size: (920, 736)
shift_x: 0.9556
shift_y: 0.5161
angle: -3.202108744067421
scale: 0.5329986818745868
