original_size: (920, 736)
shift_x: 0.9338
shift_y: 0.5281
angle: -4.949598482644585
scale: 0.5366836017498957
