original_size: (920, 736)
shift_x: -0.6549
shift_y: 0.0757
angle: -3.9422525220544644
scale: 0.46006700353488506
