original_size: (920, 736)
shift_x: -0.1173
shift_y: 0.9480
angle: -4.243115277011472
scale: 0.537460991317816
