original_size: (920, 736)
shift_x: 0.9314
shift_y: 0.9678
angle: 2.9481231505915027
scale: 0.4620612840928732
