original_size: (920, 736)
shift_x: -0.6341
shift_y: -0.2698
angle: -2.320782293893582
scale: 0.45197628906891363
