original_size: (920, 736)
shift_x: 0.2704
shift_y: -0.9333
angle: 1.3639844869686337
scale: 0.5308038446001948
