original_size: (981, 736)
shift_x: -0.7629
shift_y: 0.7933
angle: 3.4504960653903645
scale: 0.5313680683588466
