original_size: (981, 736)
shift_x: 0.0537
shift_y: -0.9329
angle: -3.4173570126216646
scale: 0.4965099829570728
