original_size: (981, 736)
shift_x: -0.0987
shift_y: 0.7419
angle: -1.3398602020643335
scale: 0.4540504989406645
