original_size: (981, 736)
shift_x: 0.3683
shift_y: 0.3173
angle: 3.416681928724385
scale: 0.48818069891977334
