original_size: (981, 736)
shift_x: -0.4219
shift_y: -0.6973
angle: 3.99583791667159
scale: 0.4701493336214042
