original_size: (981, 736)
shift_x: -0.8020
shift_y: 0.8130
angle: 0.6422377149690197
scale: 0.49659502486679485
