original_size: (981, 736)
shift_x: 0.0505
shift_y: 0.4392
angle: 0.07125906689277528
scale: 0.45888664933298545
