original_size: (981, 736)
shift_x: -0.8155
shift_y: 0.3307
angle: 2.994371012763396
scale: 0.48371091593131355
