original_size: (981, 736)
shift_x: -0.3773
shift_y: 0.3369
angle: 2.48610737794397
scale: 0.4733643211076139
