original_size: (981, 736)
shift_x: -0.1766
shift_y: 0.1808
angle: 2.198059209490043
scale: 0.5218939184002117
