original_size: (552, 736)
shift_x: -0.4723
shift_y: -0.6925
angle: -0.4679145797528763
scale: 0.5087646143036132
