original_size: (552, 736)
shift_x: 0.2292
shift_y: -0.2910
angle: -4.336744583012782
scale: 0.5183221808887094
