original_size: (552, 736)
shift_x: -0.3815
shift_y: -0.6758
angle: -2.23655749170935
scale: 0.5045665513514721
