original_size: (552, 736)
shift_x: -0.0512
shift_y: 0.9826
angle: -4.586034070763326
scale: 0.5167636031991181
