original_size: (552, 736)
shift_x: -0.1015
shift_y: 0.3396
angle: 0.9120721379461916
scale: 0.4983141991661079
