original_size: (552, 736)
shift_x: -0.8389
shift_y: -0.7506
angle: -0.8870677973304417
scale: 0.45644512310390134
