original_size: (552, 736)
shift_x: -0.0051
shift_y: -0.3899
angle: 4.103693976774624
scale: 0.48509979499111827
