original_size: (552, 736)
shift_x: -0.8628
shift_y: 0.0688
angle: -4.9248627079384955
scale: 0.5387025342192304
