original_size: (552, 736)
shift_x: 0.3579
shift_y: -0.6398
angle: -1.542706650737621
scale: 0.5075515067457357
