original_size: (552, 736)
shift_x: -0.4538
shift_y: 0.2468
angle: -3.5906691263509494
scale: 0.5309897334111847
