original_size: (1308, 736)
shift_x: 0.7626
shift_y: -0.7968
angle: -2.061355674899189
scale: 0.45008008332243876
