original_size: (1308, 736)
shift_x: -0.1810
shift_y: 0.5265
angle: 1.8765688046132158
scale: 0.5231259188996077
