original_size: (1308, 736)
shift_x: -0.8809
shift_y: -0.6294
angle: -1.1389893631539785
scale: 0.4912868256682048
