original_size: (1308, 736)
shift_x: 0.7843
shift_y: 0.1820
angle: 4.5712028856250715
scale: 0.48849542148979525
