original_size: (1308, 736)
shift_x: 0.3659
shift_y: -0.3850
angle: -4.292157866471591
scale: 0.45953247070346864
