original_size: (1308, 736)
shift_x: -0.2502
shift_y: -0.7895
angle: 4.167279888198475
scale: 0.4621195188487699
