original_size: (1308, 736)
shift_x: -0.4648
shift_y: 0.6610
angle: -1.3582667869255962
scale: 0.5209636767249769
