original_size: (1308, 736)
shift_x: 0.7896
shift_y: 0.8961
angle: -2.660083417683751
scale: 0.45520503912470506
