original_size: (1308, 736)
shift_x: 0.6293
shift_y: 0.4591
angle: -4.007947174338979
scale: 0.5228535053342391
