original_size: (1308, 736)
shift_x: -0.1558
shift_y: 0.9067
angle: 1.072083866765274
scale: 0.5017821616006005
