original_size: (1104, 736)
shift_x: 0.7291
shift_y: 0.9019
angle: -2.3602515036719307
scale: 0.4983255052959789
