original_size: (1104, 736)
shift_x: -0.8776
shift_y: -0.2042
angle: -3.9406787505972907
scale: 0.4580956758770279
