original_size: (1104, 736)
shift_x: 0.5673
shift_y: 0.7923
angle: -1.603984000380728
scale: 0.49313924550802113
