original_size: (1104, 736)
shift_x: 0.7150
shift_y: -0.2021
angle: -4.103419725896705
scale: 0.5276674754794028
