original_size: (1104, 736)
shift_x: -0.3909
shift_y: -0.5801
angle: -1.6785959545822537
scale: 0.4537850377499627
