original_size: (1104, 736)
shift_x: -0.6563
shift_y: -0.8359
angle: 1.8059911593063358
scale: 0.4823206561286991
