original_size: (1104, 736)
shift_x: 0.7342
shift_y: 0.8811
angle: -0.8120534767699645
scale: 0.46290537986306046
