original_size: (1104, 736)
shift_x: -0.1984
shift_y: -0.3080
angle: 0.4914100129074921
scale: 0.4961373185598116
