original_size: (1104, 736)
shift_x: -0.7484
shift_y: 0.6547
angle: 2.3608478825738333
scale: 0.5282887120267096
