original_size: (1104, 736)
shift_x: -0.8481
shift_y: -0.4219
angle: 3.7452722960326366
scale: 0.5412411454341647
