original_size: (918, 736)
shift_x: 0.6617
shift_y: -0.9710
angle: -1.6263835087962866
scale: 0.47990611601710287
