original_size: (918, 736)
shift_x: -0.9756
shift_y: -0.6527
angle: 4.475961922573617
scale: 0.4927121903951689
