original_size: (918, 736)
shift_x: 0.0926
shift_y: -0.5313
angle: 0.8483951293630927
scale: 0.488871841477313
