original_size: (918, 736)
shift_x: -0.2577
shift_y: 0.8779
angle: 2.208734069357022
scale: 0.48352675075196655
