original_size: (918, 736)
shift_x: -0.2261
shift_y: -0.8312
angle: 4.729722976439824
scale: 0.47205057030233405
