original_size: (918, 736)
shift_x: 0.8511
shift_y: 0.0460
angle: -0.6375350300803628
scale: 0.49582228760853375
