original_size: (918, 736)
shift_x: 0.8526
shift_y: 0.6508
angle: 0.49805984560109184
scale: 0.48654947328829445
