original_size: (918, 736)
shift_x: -0.6480
shift_y: -0.3432
angle: -0.6012520196198166
scale: 0.5441117469859338
