original_size: (918, 736)
shift_x: -0.4933
shift_y: -0.0242
angle: 3.711815824129518
scale: 0.5033000442007974
