original_size: (918, 736)
shift_x: -0.9316
shift_y: -0.8528
angle: -0.763240967596178
scale: 0.5036855757076593
