original_size: (720, 480)
shift_x: 0.4816
shift_y: -0.8471
angle: 3.9494119903859097
scale: 0.47524543485240256
