original_size: (720, 480)
shift_x: -0.0634
shift_y: 0.8933
angle: -4.294371746137066
scale: 0.4821082263821636
