original_size: (720, 480)
shift_x: -0.6088
shift_y: 0.6115
angle: 3.230278610015242
scale: 0.5231510255023759
