original_size: (720, 480)
shift_x: 0.2396
shift_y: -0.0501
angle: 2.0272710368910953
scale: 0.5147686864036065
