original_size: (720, 480)
shift_x: 0.9506
shift_y: 0.6105
angle: -1.3819477763670274
scale: 0.497833321037563
