original_size: (720, 480)
shift_x: 0.0738
shift_y: 0.5817
angle: -4.71510068372034
scale: 0.5071050003475616
