original_size: (720, 480)
shift_x: 0.2284
shift_y: -0.0679
angle: 1.531599635335458
scale: 0.46909561218184426
