original_size: (720, 480)
shift_x: -0.3053
shift_y: 0.2812
angle: 3.5235436190317753
scale: 0.5049556783719478
