original_size: (720, 480)
shift_x: 0.5178
shift_y: -0.6575
angle: 4.128708219361348
scale: 0.5253445001499834
