original_size: (720, 480)
shift_x: 0.8667
shift_y: -0.2923
angle: -4.4861215667784835
scale: 0.4532712799879005
