original_size: (600, 390)
shift_x: 0.9558
shift_y: 0.8998
angle: -2.1360403533833905
scale: 0.4643483964383298
