original_size: (600, 390)
shift_x: -0.0064
shift_y: 0.4305
angle: -4.961561286132117
scale: 0.4782068540112414
