original_size: (600, 390)
shift_x: -0.4364
shift_y: 0.9723
angle: -0.6572409179991201
scale: 0.49743317617444655
