original_size: (600, 390)
shift_x: -0.3191
shift_y: 0.3376
angle: 2.194777388338835
scale: 0.5235073314901207
