original_size: (600, 390)
shift_x: -0.1211
shift_y: 0.1297
angle: 1.106755770568296
scale: 0.5148039016298499
