original_size: (600, 390)
shift_x: -0.2124
shift_y: -0.7967
angle: -3.000189474092474
scale: 0.5075968639726997
