original_size: (600, 390)
shift_x: 0.2213
shift_y: 0.2466
angle: 2.4404757668208177
scale: 0.5489270300425448
