original_size: (600, 390)
shift_x: 0.7311
shift_y: 0.8600
angle: -3.262036851046024
scale: 0.5493393609657251
