original_size: (600, 390)
shift_x: 0.0621
shift_y: -0.7606
angle: -4.071794191402383
scale: 0.5354998080538237
