original_size: (600, 390)
shift_x: -0.5342
shift_y: -0.2396
angle: 2.946617453980017
scale: 0.5482954004043352
