original_size: (981, 736)
shift_x: -0.2146
shift_y: 0.6144
angle: 3.0648153385753147
scale: 0.5280315123120429
