original_size: (981, 736)
shift_x: 0.2249
shift_y: -0.5425
angle: 3.56847339239083
scale: 0.5146800529015956
