original_size: (981, 736)
shift_x: -0.4083
shift_y: -0.6172
angle: 1.0193540977989635
scale: 0.5339998106903706
