original_size: (981, 736)
shift_x: 0.5822
shift_y: 0.7116
angle: -3.7194944375133243
scale: 0.48484513455615696
