original_size: (981, 736)
shift_x: 0.5382
shift_y: 0.3667
angle: 0.5578553594801461
scale: 0.4625589504224195
