original_size: (981, 736)
shift_x: -0.3705
shift_y: -0.1494
angle: -1.4174710829526296
scale: 0.4905286282139018
