original_size: (981, 736)
shift_x: -0.6096
shift_y: 0.0857
angle: 1.7510670339441088
scale: 0.4790608061374604
