original_size: (981, 736)
shift_x: -0.6558
shift_y: -0.5538
angle: 2.696487234551224
scale: 0.5366932566699296
