original_size: (981, 736)
shift_x: 0.3135
shift_y: 0.0945
angle: -1.5329995627120505
scale: 0.47368140320871316
