original_size: (981, 736)
shift_x: 0.5134
shift_y: 0.1945
angle: 1.9406645905769775
scale: 0.46593482470426767
