original_size: (981, 736)
shift_x: -0.7693
shift_y: 0.3049
angle: -4.7497168833547025
scale: 0.486129046914864
