original_size: (981, 736)
shift_x: -0.2883
shift_y: -0.2077
angle: 3.3880434404201054
scale: 0.46950968741267757
