original_size: (981, 736)
shift_x: -0.5531
shift_y: -0.7844
angle: 4.731403866741697
scale: 0.5444356073356249
