original_size: (981, 736)
shift_x: 0.1591
shift_y: -0.7805
angle: 2.3231506285393566
scale: 0.5235038374917766
