original_size: (981, 736)
shift_x: -0.8303
shift_y: -0.0191
angle: 0.7571408029142068
scale: 0.5249123371388065
