original_size: (981, 736)
shift_x: -0.3234
shift_y: -0.3421
angle: -3.14283312690557
scale: 0.47029200384561853
