original_size: (981, 736)
shift_x: 0.7244
shift_y: -0.4896
angle: -0.2713332262945709
scale: 0.4637936723842316
