original_size: (981, 736)
shift_x: 0.3419
shift_y: -0.1634
angle: 1.4984997564341374
scale: 0.46211438580262365
