original_size: (981, 736)
shift_x: -0.9939
shift_y: -0.0406
angle: 0.48780745402999504
scale: 0.4802357199058923
