original_size: (981, 736)
shift_x: 0.0129
shift_y: -0.0655
angle: 2.4748761672998345
scale: 0.49890723471861476
