original_size: (875, 700)
shift_x: -0.7670
shift_y: -0.5561
angle: 0.14985865382572783
scale: 0.5329847861622407
