original_size: (875, 700)
shift_x: -0.0177
shift_y: -0.8011
angle: 1.1610524049864415
scale: 0.5164946211218577
