original_size: (875, 700)
shift_x: -0.0141
shift_y: 0.3619
angle: -2.769450239034218
scale: 0.510373707330237
