original_size: (875, 700)
shift_x: -0.3515
shift_y: 0.9190
angle: -1.3777571889901088
scale: 0.46565035626584195
