original_size: (875, 700)
shift_x: -0.4822
shift_y: 0.6784
angle: -3.0624391643290707
scale: 0.46800155353888356
