original_size: (875, 700)
shift_x: -0.3054
shift_y: 0.9286
angle: 2.050426119355021
scale: 0.4520920752584214
