original_size: (875, 700)
shift_x: -0.8918
shift_y: -0.0027
angle: 0.1890244297789696
scale: 0.5230927829692088
