original_size: (875, 700)
shift_x: -0.2036
shift_y: 0.5162
angle: -2.308474053840326
scale: 0.5289660601841536
