original_size: (875, 700)
shift_x: 0.1683
shift_y: 0.5997
angle: -3.6375075376177293
scale: 0.4840561304086939
