original_size: (875, 700)
shift_x: 0.3145
shift_y: -0.8428
angle: 3.0354948534052006
scale: 0.508037915338946
