original_size: (1104, 736)
shift_x: -0.0769
shift_y: -0.7140
angle: 2.321967241652894
scale: 0.4561225816871026
