original_size: (1104, 736)
shift_x: -0.9138
shift_y: -0.3730
angle: 3.413766884097969
scale: 0.46012613555697573
