original_size: (1104, 736)
shift_x: 0.4912
shift_y: -0.9336
angle: -7.495544387392528e-05
scale: 0.5251271253443608
