original_size: (1104, 736)
shift_x: 0.9230
shift_y: -0.1380
angle: 1.8609624221745662
scale: 0.5032871735896425
