original_size: (1104, 736)
shift_x: -0.8341
shift_y: -0.3970
angle: 1.1755419438509742
scale: 0.4800882802508495
