original_size: (1104, 736)
shift_x: -0.3371
shift_y: 0.0740
angle: 1.355134692435671
scale: 0.46903025881664173
