original_size: (1104, 736)
shift_x: 0.9775
shift_y: 0.4780
angle: 0.06256741940033095
scale: 0.4749820252575874
