original_size: (1104, 736)
shift_x: -0.6757
shift_y: 0.9744
angle: -4.7269122698411525
scale: 0.45875180090173795
