original_size: (1104, 736)
shift_x: 0.6011
shift_y: 0.1117
angle: -3.168870677693496
scale: 0.47902612054774124
