original_size: (1104, 736)
shift_x: -0.7165
shift_y: -0.2289
angle: -4.507514957696948
scale: 0.50817772905085
