original_size: (981, 736)
shift_x: 0.3965
shift_y: -0.8958
angle: 1.4125547915333616
scale: 0.4921763328056231
