original_size: (981, 736)
shift_x: 0.3067
shift_y: 0.9856
angle: 0.5728191702461691
scale: 0.5389441824339135
