original_size: (981, 736)
shift_x: -0.9755
shift_y: 0.9593
angle: -0.7985409152588065
scale: 0.5175834868044851
