original_size: (981, 736)
shift_x: 0.5336
shift_y: 0.7521
angle: 1.7068101089513155
scale: 0.4644139945991243
