original_size: (981, 736)
shift_x: -0.9511
shift_y: -0.9163
angle: -0.25444275938250716
scale: 0.5126924925804959
