original_size: (981, 736)
shift_x: 0.1662
shift_y: -0.4792
angle: 4.240986327562307
scale: 0.4644163728592478
