original_size: (981, 736)
shift_x: 0.3080
shift_y: -0.7305
angle: -3.886899553006593
scale: 0.514531499411841
