original_size: (981, 736)
shift_x: 0.0216
shift_y: -0.0263
angle: -0.08310820407190089
scale: 0.5373574495644486
