original_size: (981, 736)
shift_x: -0.7153
shift_y: -0.0288
angle: 0.013011450277073955
scale: 0.4981536122310916
