original_size: (981, 736)
shift_x: 0.4970
shift_y: 0.2378
angle: 4.060050307192611
scale: 0.4516958968634155
