original_size: (1103, 736)
shift_x: -0.7928
shift_y: -0.0618
angle: 4.379474775476947
scale: 0.5385410187914627
