original_size: (1103, 736)
shift_x: -0.2760
shift_y: 0.1509
angle: -1.0415784823348906
scale: 0.5482843997656849
