original_size: (1103, 736)
shift_x: -0.4770
shift_y: -0.2938
angle: -0.4674871514552068
scale: 0.4563112127919515
