original_size: (1103, 736)
shift_x: -0.0440
shift_y: -0.9584
angle: 0.02176345436597238
scale: 0.48105519573490263
