original_size: (1103, 736)
shift_x: 0.4058
shift_y: 0.1526
angle: 4.163889512783362
scale: 0.5011805812432814
