original_size: (1103, 736)
shift_x: -0.2301
shift_y: -0.7319
angle: 3.513353558080791
scale: 0.4899885616905335
