original_size: (1103, 736)
shift_x: -0.0936
shift_y: 0.8720
angle: 0.8683874087379184
scale: 0.481599960830067
