original_size: (1103, 736)
shift_x: -0.8557
shift_y: 0.4040
angle: -4.734035082188061
scale: 0.5185160900052913
