original_size: (1103, 736)
shift_x: 0.1943
shift_y: 0.0792
angle: -0.16183359191449043
scale: 0.5102947729688271
