original_size: (1103, 736)
shift_x: 0.5409
shift_y: 0.1875
angle: -2.8745283690261916
scale: 0.5487714908460948
