original_size: (915, 736)
shift_x: 0.5122
shift_y: -0.6152
angle: -4.8714248424983815
scale: 0.5291833769558217
