original_size: (915, 736)
shift_x: -0.6329
shift_y: -0.0035
angle: 3.727823262517054
scale: 0.5315736251442018
