original_size: (915, 736)
shift_x: -0.1576
shift_y: 0.1004
angle: -1.4794913831670131
scale: 0.45089393456251337
