original_size: (915, 736)
shift_x: 0.8646
shift_y: -0.0606
angle: 3.088582265721115
scale: 0.48265345039691127
