original_size: (915, 736)
shift_x: 0.5136
shift_y: -0.4423
angle: -0.3425883365380411
scale: 0.5412146318380177
