original_size: (915, 736)
shift_x: 0.1292
shift_y: 0.0244
angle: -0.44201268486687795
scale: 0.5228445267224962
