original_size: (915, 736)
shift_x: -0.7029
shift_y: 0.0974
angle: -3.2097731067237403
scale: 0.49088584686244424
