original_size: (915, 736)
shift_x: -0.6597
shift_y: -0.7249
angle: -3.3739073828566313
scale: 0.49999314569144493
