original_size: (915, 736)
shift_x: 0.7585
shift_y: 0.3872
angle: -0.3280800737914804
scale: 0.5449841554588921
