original_size: (915, 736)
shift_x: 0.9878
shift_y: 0.7745
angle: -0.8237313300164768
scale: 0.5345956749610066
