original_size: (920, 736)
shift_x: -0.8097
shift_y: -0.1654
angle: -4.722006478870027
scale: 0.4583610934160068
