original_size: (920, 736)
shift_x: -0.6075
shift_y: -0.2313
angle: -0.16224628102763994
scale: 0.509284224143483
