original_size: (920, 736)
shift_x: 0.1294
shift_y: 0.3254
angle: -3.1389051521212163
scale: 0.4547715919293784
