original_size: (920, 736)
shift_x: -0.9331
shift_y: 0.4199
angle: -4.667596311833281
scale: 0.5114328520503495
