original_size: (920, 736)
shift_x: -0.4291
shift_y: 0.8919
angle: -4.303957954456241
scale: 0.46664814647296887
