original_size: (920, 736)
shift_x: -0.5233
shift_y: 0.5620
angle: -4.278856246229054
scale: 0.5092387573101904
