original_size: (920, 736)
shift_x: 0.4720
shift_y: 0.8561
angle: -3.7735822148596676
scale: 0.4662542033752916
