original_size: (920, 736)
shift_x: -0.0539
shift_y: 0.2053
angle: -0.29033208006859734
scale: 0.500344986852739
