original_size: (920, 736)
shift_x: 0.3208
shift_y: -0.3393
angle: -3.4875512312540655
scale: 0.4629518039554017
