original_size: (920, 736)
shift_x: 0.6250
shift_y: -0.0398
angle: 3.3051413931466485
scale: 0.5023865263349776
