original_size: (604, 486)
shift_x: -0.1552
shift_y: -0.8945
angle: -3.4052585283883974
scale: 0.47499801683096904
