original_size: (604, 486)
shift_x: 0.4303
shift_y: 0.2085
angle: -0.33153729805882115
scale: 0.5367166617924604
