original_size: (604, 486)
shift_x: -0.5002
shift_y: -0.8686
angle: -0.5265382119978455
scale: 0.49366475834323875
