original_size: (604, 486)
shift_x: 0.9178
shift_y: -0.3363
angle: 2.7504782900331106
scale: 0.46660569373928945
