original_size: (604, 486)
shift_x: -0.4501
shift_y: 0.2214
angle: 2.1098882632961633
scale: 0.5396149360440284
