original_size: (604, 486)
shift_x: -0.7477
shift_y: 0.1060
angle: -1.114494000986792
scale: 0.5038333400807686
