original_size: (604, 486)
shift_x: 0.6547
shift_y: -0.5030
angle: 4.073228218906287
scale: 0.5290912110895342
