original_size: (604, 486)
shift_x: 0.5897
shift_y: -0.8795
angle: 0.6316160330883234
scale: 0.54430059281836
