original_size: (604, 486)
shift_x: 0.4959
shift_y: -0.7182
angle: -0.8031878656603277
scale: 0.46236100815508074
