original_size: (604, 486)
shift_x: 0.2214
shift_y: -0.4267
angle: 4.358690076504324
scale: 0.46377713276566424
