original_size: (450, 600)
shift_x: -0.4651
shift_y: 0.9150
angle: 0.49281430791583514
scale: 0.4759177275827645
