original_size: (450, 600)
shift_x: 0.6073
shift_y: -0.0717
angle: -1.7661562890757763
scale: 0.49546178462117296
