original_size: (450, 600)
shift_x: 0.4602
shift_y: -0.2072
angle: -2.339613175706443
scale: 0.4697223385759898
