original_size: (450, 600)
shift_x: -0.3437
shift_y: 0.1488
angle: -0.27656073131944847
scale: 0.45435727769661083
