original_size: (450, 600)
shift_x: -0.0457
shift_y: -0.6894
angle: 2.7824783393836663
scale: 0.5322968266369498
