original_size: (450, 600)
shift_x: 0.5091
shift_y: 0.5914
angle: 1.0648686446020381
scale: 0.535933863272369
