original_size: (450, 600)
shift_x: 0.7755
shift_y: 0.7359
angle: 1.8632441024236677
scale: 0.459582832860482
