original_size: (450, 600)
shift_x: 0.2987
shift_y: 0.0001
angle: 2.8254725303803987
scale: 0.48059158076463776
