original_size: (450, 600)
shift_x: 0.1444
shift_y: 0.5614
angle: 4.903171165720337
scale: 0.5060635350235604
