original_size: (450, 600)
shift_x: -0.8626
shift_y: 0.4940
angle: -2.5713855110984807
scale: 0.4744490196390487
