original_size: (981, 736)
shift_x: 0.1909
shift_y: -0.6842
angle: -4.937009907939405
scale: 0.49647720262012085
