original_size: (981, 736)
shift_x: 0.7171
shift_y: -0.1984
angle: 3.2240995207520573
scale: 0.5111524597274311
