original_size: (981, 736)
shift_x: 0.1029
shift_y: 0.4664
angle: -0.6057445813420346
scale: 0.48123910615833276
