original_size: (981, 736)
shift_x: -0.3607
shift_y: 0.3359
angle: -1.724684449424354
scale: 0.48568957397360196
