original_size: (981, 736)
shift_x: -0.1401
shift_y: 0.1825
angle: 3.873001794720004
scale: 0.5352355370039454
