original_size: (981, 736)
shift_x: -0.2653
shift_y: -0.8480
angle: 4.834008142897597
scale: 0.47220403989397686
