original_size: (981, 736)
shift_x: -0.9044
shift_y: 0.0138
angle: -3.368528438993609
scale: 0.47622012395959645
