original_size: (981, 736)
shift_x: -0.8011
shift_y: 0.1185
angle: -0.18625786992742732
scale: 0.4753087162988151
