original_size: (981, 736)
shift_x: -0.5075
shift_y: -0.4722
angle: 0.758261454302299
scale: 0.5480045816741843
