original_size: (981, 736)
shift_x: 0.4337
shift_y: 0.6531
angle: -3.0576110434910717
scale: 0.45212069021703793
