original_size: (1308, 736)
shift_x: 0.5465
shift_y: 0.3494
angle: -3.7580895716052254
scale: 0.4948403474289523
