original_size: (1308, 736)
shift_x: 0.2875
shift_y: -0.0559
angle: -1.9271746772141194
scale: 0.5046687695634503
