original_size: (1308, 736)
shift_x: 0.1826
shift_y: 0.4727
angle: 4.966060136355614
scale: 0.5079927572336762
