original_size: (1308, 736)
shift_x: -0.1321
shift_y: -0.4859
angle: 4.843831928601821
scale: 0.4510049666953627
