original_size: (1308, 736)
shift_x: 0.8056
shift_y: -0.7349
angle: 0.2904959778735243
scale: 0.4897657692491492
