original_size: (1308, 736)
shift_x: 0.5180
shift_y: 0.2837
angle: -1.8660682341136727
scale: 0.4939471856306371
