original_size: (1308, 736)
shift_x: -0.1779
shift_y: 0.8236
angle: 1.3588091604080024
scale: 0.5203314413213416
