original_size: (1308, 736)
shift_x: -0.7638
shift_y: -0.7401
angle: 4.814279918353927
scale: 0.549183314843953
