original_size: (1308, 736)
shift_x: -0.0627
shift_y: -0.8934
angle: -4.667868578845294
scale: 0.4950922823785757
