original_size: (1308, 736)
shift_x: 0.0545
shift_y: 0.8763
angle: 0.1442501085682224
scale: 0.5246453247498291
