original_size: (468, 375)
shift_x: 0.7438
shift_y: -0.4096
angle: 1.1252644079062328
scale: 0.4553642962620021
