original_size: (468, 375)
shift_x: -0.2136
shift_y: 0.4924
angle: 1.2298919659320333
scale: 0.4544084417583083
