original_size: (468, 375)
shift_x: 0.6130
shift_y: 0.6122
angle: -2.2648337800137384
scale: 0.4845452105717314
