original_size: (468, 375)
shift_x: -0.4803
shift_y: 0.0494
angle: 1.8483669364980004
scale: 0.4579056947891712
