original_size: (468, 375)
shift_x: -0.9928
shift_y: -0.3448
angle: -0.11236179194507923
scale: 0.4533656781418291
