original_size: (468, 375)
shift_x: 0.4863
shift_y: 0.7634
angle: -0.48074022150851015
scale: 0.5111173287830505
