original_size: (468, 375)
shift_x: 0.8937
shift_y: 0.2542
angle: 1.381279300744155
scale: 0.5382658399220074
