original_size: (468, 375)
shift_x: 0.2167
shift_y: -0.8577
angle: -3.1260133889889596
scale: 0.5323496741637691
