original_size: (468, 375)
shift_x: -0.9632
shift_y: -0.7891
angle: 2.7841238581336567
scale: 0.4583391870313607
