original_size: (468, 375)
shift_x: -0.6513
shift_y: -0.0441
angle: 2.0528755940384356
scale: 0.4792136166827497
