original_size: (920, 736)
shift_x: 0.0789
shift_y: 0.0350
angle: -3.4949976207777533
scale: 0.533496299930359
