original_size: (920, 736)
shift_x: 0.4488
shift_y: 0.3864
angle: -3.8756490693830803
scale: 0.4678834592314597
