original_size: (920, 736)
shift_x: 0.4350
shift_y: 0.8584
angle: -1.7994701120868495
scale: 0.5011833163929992
