original_size: (920, 736)
shift_x: -0.5084
shift_y: -0.9550
angle: 4.866556584186121
scale: 0.48854407863272653
