original_size: (920, 736)
shift_x: 0.1254
shift_y: 0.7089
angle: 4.136483634844801
scale: 0.48027225648289357
