original_size: (920, 736)
shift_x: 0.4442
shift_y: 0.3141
angle: 3.992087688354701
scale: 0.5245038845878223
