original_size: (920, 736)
shift_x: 0.1735
shift_y: -0.6972
angle: 0.6492352280955327
scale: 0.5080456135472489
