original_size: (920, 736)
shift_x: -0.4111
shift_y: 0.2462
angle: 1.062631027566363
scale: 0.5458089481000127
