original_size: (920, 736)
shift_x: -0.6563
shift_y: 0.1014
angle: 2.839830610225013
scale: 0.4711349432974434
