original_size: (920, 736)
shift_x: -0.9163
shift_y: 0.2225
angle: -0.6833611365195393
scale: 0.5435212099551863
