original_size: (920, 736)
shift_x: -0.7547
shift_y: 0.1002
angle: 2.2343983100385225
scale: 0.460702330784402
