original_size: (920, 736)
shift_x: -0.2449
shift_y: 0.5483
angle: 0.3115525074699459
scale: 0.4723817314579063
