original_size: (920, 736)
shift_x: 0.4394
shift_y: 0.7872
angle: -0.6826081476168477
scale: 0.4647205513864101
