original_size: (920, 736)
shift_x: 0.1926
shift_y: 0.9181
angle: 0.8775735634324766
scale: 0.5052918393789707
