original_size: (920, 736)
shift_x: 0.7281
shift_y: 0.9713
angle: -1.6559673208552859
scale: 0.4920779606927014
