original_size: (920, 736)
shift_x: -0.1616
shift_y: 0.0051
angle: -1.4224717864166525
scale: 0.4654921525489923
