original_size: (920, 736)
shift_x: -0.6216
shift_y: 0.1566
angle: 3.7202284121189386
scale: 0.5285993520548488
