original_size: (920, 736)
shift_x: -0.0148
shift_y: 0.6108
angle: 3.838530305269588
scale: 0.5338072687380313
