original_size: (920, 736)
shift_x: 0.8175
shift_y: -0.1337
angle: 1.2349673336823743
scale: 0.48243427235966313
