original_size: (920, 736)
shift_x: 0.1700
shift_y: 0.1945
angle: -4.200436137722069
scale: 0.5237348896842222
