original_size: (921, 735)
shift_x: 0.6562
shift_y: 0.1019
angle: -2.4247683504807895
scale: 0.46380809495906794
