original_size: (921, 735)
shift_x: -0.7017
shift_y: -0.4989
angle: -1.977703633149713
scale: 0.508582940508999
