original_size: (921, 735)
shift_x: -0.9254
shift_y: -0.2544
angle: -3.5069577685821676
scale: 0.5292076722607675
