original_size: (921, 735)
shift_x: -0.5120
shift_y: 0.1532
angle: -4.456237598485301
scale: 0.5050768806544128
