original_size: (921, 735)
shift_x: 0.7981
shift_y: -0.0752
angle: -2.114773650971533
scale: 0.5019867009935635
