original_size: (921, 735)
shift_x: -0.6663
shift_y: -0.7611
angle: 4.257969693546817
scale: 0.49450421329545236
