original_size: (921, 735)
shift_x: 0.0627
shift_y: -0.4636
angle: -0.03843967911450896
scale: 0.5398605428192422
