original_size: (921, 735)
shift_x: 0.8554
shift_y: -0.9131
angle: -3.885619389838555
scale: 0.5116831060546126
