original_size: (921, 735)
shift_x: 0.7005
shift_y: 0.9116
angle: 4.625784345349258
scale: 0.4911520285202101
