original_size: (921, 735)
shift_x: -0.2200
shift_y: -0.6794
angle: 0.41397873007324204
scale: 0.4890751170615756
