original_size: (853, 640)
shift_x: 0.4242
shift_y: -0.7522
angle: -2.6731581912110016
scale: 0.456150232864302
