original_size: (853, 640)
shift_x: -0.4900
shift_y: -0.5954
angle: -4.649692301627079
scale: 0.5272410066064003
