original_size: (853, 640)
shift_x: 0.6255
shift_y: 0.4061
angle: 0.8983266893107933
scale: 0.49402531456296445
