original_size: (853, 640)
shift_x: -0.9955
shift_y: -0.9056
angle: -3.559735993381745
scale: 0.47141457507385937
