original_size: (853, 640)
shift_x: -0.6094
shift_y: -0.2873
angle: 0.15571878835532083
scale: 0.5115003887355869
