original_size: (853, 640)
shift_x: -0.0002
shift_y: 0.7154
angle: 3.0584208101445096
scale: 0.49156236102910267
