original_size: (853, 640)
shift_x: 0.6219
shift_y: -0.8566
angle: 3.530762406196782
scale: 0.494716122479788
