original_size: (853, 640)
shift_x: 0.4275
shift_y: 0.8238
angle: -4.062030744722732
scale: 0.48546134369452126
