original_size: (853, 640)
shift_x: -0.5531
shift_y: -0.2077
angle: 0.9494807275789814
scale: 0.5324387016738897
