original_size: (853, 640)
shift_x: -0.7731
shift_y: 0.1364
angle: -2.8350082885866037
scale: 0.5249180559374079
