original_size: (626, 417)
shift_x: 0.0472
shift_y: 0.7912
angle: -3.5995518808754956
scale: 0.48287362237505654
