original_size: (626, 417)
shift_x: 0.5229
shift_y: 0.6592
angle: 3.329287066337086
scale: 0.5266406538826517
