original_size: (626, 417)
shift_x: -0.3325
shift_y: 0.3398
angle: 2.891099755192764
scale: 0.5166089540003047
