original_size: (626, 417)
shift_x: 0.1482
shift_y: 0.3423
angle: 4.71188314453666
scale: 0.46043597216130616
