original_size: (626, 417)
shift_x: -0.0450
shift_y: 0.6179
angle: -2.7048185107673737
scale: 0.4556673929765198
