original_size: (626, 417)
shift_x: -0.8883
shift_y: -0.7039
angle: 1.8143863261597826
scale: 0.5073511517790986
