original_size: (626, 417)
shift_x: 0.4809
shift_y: -0.7709
angle: 3.78777517446569
scale: 0.5344541422772591
