original_size: (626, 417)
shift_x: 0.3306
shift_y: 0.8466
angle: -0.07671874185577643
scale: 0.4800504149047541
