original_size: (626, 417)
shift_x: -0.6879
shift_y: -0.4100
angle: 1.535221781460808
scale: 0.5053620549601683
