original_size: (626, 417)
shift_x: 0.4198
shift_y: 0.1030
angle: -4.070691806149678
scale: 0.4802851301360933
