original_size: (525, 735)
shift_x: 0.6585
shift_y: 0.8115
angle: -4.935520510347562
scale: 0.4526350647143253
