original_size: (525, 735)
shift_x: -0.7335
shift_y: -0.1170
angle: 1.5769983672655226
scale: 0.5229536551248326
