original_size: (525, 735)
shift_x: 0.3451
shift_y: 0.4871
angle: 2.0286608561039365
scale: 0.4773120360945373
