original_size: (525, 735)
shift_x: 0.0224
shift_y: 0.7494
angle: 2.2229092689350827
scale: 0.5378966345430951
