original_size: (525, 735)
shift_x: 0.8650
shift_y: -0.6178
angle: -2.086258576982085
scale: 0.47153391552457125
