original_size: (525, 735)
shift_x: 0.4484
shift_y: 0.7245
angle: -3.2715910941226287
scale: 0.49524099682350786
