original_size: (525, 735)
shift_x: -0.0905
shift_y: -0.1579
angle: 1.5032575440097684
scale: 0.5474016680697938
