original_size: (525, 735)
shift_x: 0.7113
shift_y: -0.5617
angle: 4.33381404891707
scale: 0.5486084009624929
