original_size: (525, 735)
shift_x: 0.5506
shift_y: 0.2346
angle: 0.0626780993318441
scale: 0.49468027697858713
