original_size: (525, 735)
shift_x: -0.7613
shift_y: -0.3546
angle: 2.5666437662895936
scale: 0.5062829624253002
