original_size: (1313, 736)
shift_x: 0.7339
shift_y: 0.2187
angle: 3.807245003488527
scale: 0.5370273844061124
