original_size: (1313, 736)
shift_x: -0.0900
shift_y: 0.4949
angle: 1.577290555327183
scale: 0.49059552107530047
