original_size: (1313, 736)
shift_x: -0.4515
shift_y: -0.5539
angle: -3.2173939529251783
scale: 0.46984224308156436
