original_size: (1313, 736)
shift_x: 0.7417
shift_y: -0.2693
angle: -3.3171522441183976
scale: 0.45818371872685465
