original_size: (1313, 736)
shift_x: -0.7218
shift_y: -0.0312
angle: 0.2830772700479063
scale: 0.5164780653449497
