original_size: (1313, 736)
shift_x: -0.0118
shift_y: -0.9141
angle: -2.0558773033970335
scale: 0.5263397774383693
