original_size: (1313, 736)
shift_x: 0.8527
shift_y: -0.4386
angle: -4.544762874369287
scale: 0.507544738491036
