original_size: (1313, 736)
shift_x: 0.5991
shift_y: 0.9814
angle: -4.722526484629178
scale: 0.4817433198646853
