original_size: (1313, 736)
shift_x: -0.4096
shift_y: 0.4799
angle: 0.7860714449877708
scale: 0.5264781444495902
