original_size: (1313, 736)
shift_x: -0.8417
shift_y: 0.5127
angle: 2.6827099387700413
scale: 0.5253976025967352
