original_size: (900, 600)
shift_x: -0.0276
shift_y: -0.1758
angle: -0.5186927954033678
scale: 0.46715794831151203
