original_size: (900, 600)
shift_x: 0.8868
shift_y: -0.9259
angle: 1.8492257305479631
scale: 0.4550362640080436
