original_size: (900, 600)
shift_x: -0.6304
shift_y: 0.2214
angle: -1.3408769798624531
scale: 0.477289587404364
