original_size: (900, 600)
shift_x: -0.4830
shift_y: 0.9584
angle: -2.7043862232938123
scale: 0.47498418458982844
