original_size: (900, 600)
shift_x: 0.3673
shift_y: 0.6696
angle: 2.4552423104415535
scale: 0.4513147468704125
