original_size: (900, 600)
shift_x: -0.3366
shift_y: -0.5465
angle: 0.30592720400307716
scale: 0.46841761598338394
