original_size: (900, 600)
shift_x: 0.2754
shift_y: 0.4829
angle: -0.9540107996111269
scale: 0.4877925633716152
