original_size: (900, 600)
shift_x: 0.9078
shift_y: 0.3368
angle: 0.2339565791461773
scale: 0.5092879236207959
