original_size: (900, 600)
shift_x: 0.7131
shift_y: -0.3617
angle: 0.36708138294215953
scale: 0.4834888651424009
