original_size: (900, 600)
shift_x: 0.1478
shift_y: -0.8765
angle: 4.9303299614928005
scale: 0.4574210504609122
