original_size: (1111, 736)
shift_x: 0.6764
shift_y: -0.3541
angle: 3.5273071225068815
scale: 0.5009451825451156
