original_size: (1111, 736)
shift_x: -0.3447
shift_y: -0.8542
angle: -2.021791971956607
scale: 0.5462535845553383
