original_size: (1111, 736)
shift_x: 0.3093
shift_y: -0.8697
angle: -1.5153267860995312
scale: 0.46235681267435086
