original_size: (1111, 736)
shift_x: 0.2487
shift_y: -0.2562
angle: 1.9964463740061698
scale: 0.5465515509237141
