original_size: (1111, 736)
shift_x: 0.9857
shift_y: 0.6992
angle: 3.534468319751152
scale: 0.4642483794561261
