original_size: (1111, 736)
shift_x: -0.7443
shift_y: -0.1417
angle: 0.14799172002734196
scale: 0.5420999274068758
