original_size: (1111, 736)
shift_x: -0.1913
shift_y: 0.0711
angle: 2.73990797244565
scale: 0.45335343629969593
