original_size: (1111, 736)
shift_x: 0.6796
shift_y: -0.9925
angle: 0.4902291908456764
scale: 0.4536986948958722
