original_size: (1111, 736)
shift_x: -0.5154
shift_y: -0.2494
angle: 2.737763285120468
scale: 0.5307237287480744
