original_size: (1111, 736)
shift_x: -0.6825
shift_y: 0.9473
angle: 0.43961033388825044
scale: 0.5434758028329116
