original_size: (736, 736)
shift_x: 0.9064
shift_y: 0.6123
angle: -3.8418755496451307
scale: 0.45357539900672605
