original_size: (736, 736)
shift_x: 0.3953
shift_y: 0.9339
angle: 2.2751819200600156
scale: 0.5244805284830162
