original_size: (736, 736)
shift_x: 0.9397
shift_y: -0.6146
angle: 2.113985872193118
scale: 0.4747515517919509
