original_size: (736, 736)
shift_x: -0.2081
shift_y: 0.1558
angle: 1.768912576448872
scale: 0.5268610894023155
