original_size: (736, 736)
shift_x: -0.4279
shift_y: 0.6321
angle: -2.512990805925992
scale: 0.549250114119277
