original_size: (736, 736)
shift_x: -0.1928
shift_y: -0.7896
angle: 1.9581900079564907
scale: 0.5097374016414772
