original_size: (736, 736)
shift_x: -0.3906
shift_y: 0.5142
angle: -2.5139355625201834
scale: 0.5314457401566393
