original_size: (736, 736)
shift_x: -0.5132
shift_y: -0.6473
angle: -3.642485945065511
scale: 0.48039860676362894
