original_size: (736, 736)
shift_x: -0.8578
shift_y: 0.0042
angle: 0.24748796080601743
scale: 0.5383186395134612
