original_size: (736, 736)
shift_x: -0.7832
shift_y: 0.2656
angle: 1.4219030002787107
scale: 0.4863454259833843
