original_size: (490, 735)
shift_x: 0.8368
shift_y: 0.3057
angle: -4.750138109267726
scale: 0.48001043348658085
