original_size: (490, 735)
shift_x: 0.8685
shift_y: 0.8233
angle: -0.0013662602175559257
scale: 0.5337709944148561
