original_size: (490, 735)
shift_x: 0.4288
shift_y: -0.3833
angle: 4.636253538882389
scale: 0.5244806986568841
