original_size: (490, 735)
shift_x: -0.9481
shift_y: -0.2697
angle: -3.2901321947465076
scale: 0.5149113775337628
