original_size: (490, 735)
shift_x: -0.5234
shift_y: -0.3252
angle: -3.3937461516675214
scale: 0.5013406152645231
