original_size: (490, 735)
shift_x: -0.2450
shift_y: -0.3282
angle: 1.163290180097615
scale: 0.49904266156687765
