original_size: (490, 735)
shift_x: -0.4969
shift_y: -0.5464
angle: -4.2212485031930385
scale: 0.5013752853012083
