original_size: (490, 735)
shift_x: 0.0721
shift_y: -0.7921
angle: 0.03966533470265965
scale: 0.4839375076711595
