original_size: (490, 735)
shift_x: -0.3636
shift_y: 0.2095
angle: 0.7603834967780205
scale: 0.47146455370413604
