original_size: (490, 735)
shift_x: -0.7829
shift_y: 0.3056
angle: -4.0107115191956915
scale: 0.49466608029941955
