original_size: (591, 474)
shift_x: -0.1726
shift_y: -0.1119
angle: -4.8005270719048845
scale: 0.48929597050145884
