original_size: (591, 474)
shift_x: 0.3024
shift_y: 0.7638
angle: 0.901441226752989
scale: 0.5280833784508837
