original_size: (591, 474)
shift_x: -0.9326
shift_y: 0.9762
angle: 2.0977287940029754
scale: 0.5156804982191465
