original_size: (591, 474)
shift_x: -0.2072
shift_y: 0.9377
angle: -1.4253060669316797
scale: 0.5426954143874735
