original_size: (591, 474)
shift_x: 0.5513
shift_y: -0.7217
angle: 1.6925981908922623
scale: 0.5144803030074935
