original_size: (591, 474)
shift_x: 0.6138
shift_y: -0.7747
angle: 0.7909516072601717
scale: 0.5495479363141755
