original_size: (591, 474)
shift_x: 0.9682
shift_y: -0.1891
angle: -3.5849683545075983
scale: 0.5127557688962773
