original_size: (591, 474)
shift_x: 0.4786
shift_y: -0.5329
angle: 0.7534352155497217
scale: 0.48564354413515515
