original_size: (591, 474)
shift_x: 0.9368
shift_y: -0.0629
angle: -1.353836556344862
scale: 0.47655252527173964
