original_size: (591, 474)
shift_x: 0.8571
shift_y: -0.2097
angle: 3.49756377593142
scale: 0.46456503792387727
