original_size: (736, 736)
shift_x: 0.0791
shift_y: 0.1178
angle: 1.0496858732629208
scale: 0.5406906975274395
