original_size: (736, 736)
shift_x: 0.5151
shift_y: -0.2162
angle: 0.8274412990411042
scale: 0.4862525086075605
