original_size: (736, 736)
shift_x: -0.0714
shift_y: 0.1177
angle: 0.7379252532890748
scale: 0.4520104225501821
