original_size: (736, 736)
shift_x: -0.3528
shift_y: 0.9982
angle: 3.1786937143426854
scale: 0.5308399825087673
