original_size: (736, 736)
shift_x: -0.5030
shift_y: 0.4336
angle: 1.3111653438060156
scale: 0.45033412300361825
