original_size: (736, 736)
shift_x: -0.9056
shift_y: 0.1861
angle: 1.077259237233882
scale: 0.5198559355425547
