original_size: (736, 736)
shift_x: 0.5704
shift_y: -0.5003
angle: -2.6976145702372714
scale: 0.4716592818793248
