original_size: (736, 736)
shift_x: -0.6446
shift_y: 0.4107
angle: 0.929660822088902
scale: 0.5132876158858486
