original_size: (736, 736)
shift_x: -0.2628
shift_y: 0.8972
angle: -0.5414149455189987
scale: 0.49403732756840213
