original_size: (736, 736)
shift_x: 0.2230
shift_y: -0.1321
angle: -0.6369364603230263
scale: 0.5257898558769113
