original_size: (981, 736)
shift_x: -0.8366
shift_y: 0.4219
angle: 3.086418264442294
scale: 0.5018765516500278
