original_size: (981, 736)
shift_x: -0.0634
shift_y: 0.7147
angle: -2.10304079753445
scale: 0.5209500165014225
