original_size: (981, 736)
shift_x: 0.5461
shift_y: -0.2746
angle: 3.4454262191292155
scale: 0.4529323823209903
