original_size: (981, 736)
shift_x: -0.4046
shift_y: -0.2587
angle: -0.36965827460054435
scale: 0.48510276752720183
