original_size: (981, 736)
shift_x: 0.5970
shift_y: 0.1101
angle: -3.0885651151050975
scale: 0.5192010664139295
