original_size: (981, 736)
shift_x: 0.1137
shift_y: 0.2382
angle: -4.591652369266837
scale: 0.48815496896095817
