original_size: (981, 736)
shift_x: 0.3736
shift_y: 0.2231
angle: 2.0002765022808546
scale: 0.4504708408096324
