original_size: (981, 736)
shift_x: 0.6577
shift_y: -0.6813
angle: -4.1874812158445405
scale: 0.5143530285391743
