original_size: (981, 736)
shift_x: 0.9168
shift_y: 0.0540
angle: 3.016048422892437
scale: 0.5427715581579765
