original_size: (981, 736)
shift_x: 0.4044
shift_y: 0.4029
angle: -2.257996986087899
scale: 0.4600285618892969
