original_size: (736, 736)
shift_x: -0.6324
shift_y: -0.5134
angle: -4.05720767698223
scale: 0.4767678669602245
