original_size: (736, 736)
shift_x: -0.4852
shift_y: -0.4645
angle: 1.6058239918874744
scale: 0.49530717830608
