original_size: (736, 736)
shift_x: -0.4275
shift_y: 0.7435
angle: 4.533610984965922
scale: 0.5181360811789951
