original_size: (736, 736)
shift_x: -0.2738
shift_y: 0.5455
angle: 3.4356624143272825
scale: 0.530391788407452
