original_size: (736, 736)
shift_x: 0.1368
shift_y: -0.6056
angle: 2.2924803868901877
scale: 0.48792945330549925
