original_size: (736, 736)
shift_x: 0.0932
shift_y: -0.8788
angle: 3.230202782318994
scale: 0.5092264929629708
