original_size: (736, 736)
shift_x: 0.5881
shift_y: -0.7853
angle: 2.4929311439501927
scale: 0.4517861407464882
