original_size: (736, 736)
shift_x: 0.7229
shift_y: -0.1146
angle: 2.264281137560319
scale: 0.464444636273897
