original_size: (736, 736)
shift_x: 0.3814
shift_y: -0.9518
angle: 2.2310810845432716
scale: 0.5165701403378006
