original_size: (736, 736)
shift_x: 0.0938
shift_y: -0.4767
angle: 2.5208922691903366
scale: 0.4904182794592303
