original_size: (497, 634)
shift_x: -0.7127
shift_y: -0.7577
angle: -1.9688510918555235
scale: 0.5483357266840304
