original_size: (497, 634)
shift_x: -0.1334
shift_y: 0.7297
angle: 2.0833223445074047
scale: 0.49348342140372714
