original_size: (497, 634)
shift_x: 0.1602
shift_y: 0.5639
angle: 1.2667203747411104
scale: 0.5032443149310762
