original_size: (497, 634)
shift_x: 0.1297
shift_y: -0.3497
angle: 0.7468279366816848
scale: 0.4873733011706215
