original_size: (497, 634)
shift_x: 0.7785
shift_y: -0.4876
angle: -3.8653428352044497
scale: 0.5092775319920636
