original_size: (497, 634)
shift_x: -0.1116
shift_y: -0.3743
angle: 1.4618668005727775
scale: 0.4569015417743829
