original_size: (497, 634)
shift_x: -0.4021
shift_y: 0.0393
angle: -4.549906888718608
scale: 0.5456330086904508
