original_size: (497, 634)
shift_x: -0.3475
shift_y: -0.9656
angle: 0.043885928315313905
scale: 0.501492207043065
