original_size: (497, 634)
shift_x: -0.7221
shift_y: 0.3766
angle: -3.876230047542667
scale: 0.5139896703230643
