original_size: (497, 634)
shift_x: -0.5644
shift_y: 0.2552
angle: -2.5183438570332894
scale: 0.5155312645395154
