original_size: (591, 474)
shift_x: -0.9124
shift_y: -0.8471
angle: 0.7385652518546095
scale: 1.9876196642775135
