original_size: (591, 474)
shift_x: -0.3369
shift_y: 0.3469
angle: -4.568299251364614
scale: 2.0704312098596684
