original_size: (591, 474)
shift_x: 0.8779
shift_y: 0.6573
angle: 1.2238628872442705
scale: 2.001672627828712
