original_size: (591, 474)
shift_x: -0.0716
shift_y: -0.7601
angle: 2.7626001972198893
scale: 1.9047725684272725
