original_size: (591, 474)
shift_x: 0.8696
shift_y: 0.8922
angle: 3.8211254656742675
scale: 0.49020880509048176
