original_size: (591, 474)
shift_x: -0.6585
shift_y: -0.4110
angle: 0.5094645003663256
scale: 1.8882109256825397
