original_size: (591, 474)
shift_x: -0.5630
shift_y: -0.2819
angle: 4.710496582093404
scale: 0.4792683561622777
