original_size: (591, 474)
shift_x: 0.0536
shift_y: -0.6089
angle: 2.2149563274518265
scale: 0.4943785416901582
