original_size: (591, 474)
shift_x: -0.3961
shift_y: -0.1224
angle: 0.18010996308935212
scale: 2.1707897022565517
