original_size: (591, 474)
shift_x: -0.2589
shift_y: -0.4390
angle: 3.74092282037239
scale: 2.1668530538132127
