original_size: (591, 474)
shift_x: 0.6515
shift_y: 0.2052
angle: -4.101802302810645
scale: 2.0362400958140765
