original_size: (591, 474)
shift_x: -0.9475
shift_y: -0.2957
angle: 2.7041322104198784
scale: 0.5010172958073089
