original_size: (591, 474)
shift_x: 0.4714
shift_y: -0.4740
angle: -2.616856501793736
scale: 1.8622239846934276
