original_size: (591, 474)
shift_x: -0.5541
shift_y: 0.9655
angle: -2.202300462201591
scale: 0.4683458151222792
