original_size: (591, 474)
shift_x: -0.4783
shift_y: 0.1844
angle: -4.357013265421329
scale: 1.9659782458121293
