original_size: (591, 474)
shift_x: 0.4621
shift_y: -0.1228
angle: 4.515552380214164
scale: 0.5360967716053847
