original_size: (591, 474)
shift_x: -0.7186
shift_y: 0.3987
angle: 0.7226341031929548
scale: 0.5497094592868247
