original_size: (591, 474)
shift_x: 0.5376
shift_y: -0.5380
angle: 0.0605626933475687
scale: 0.5364009688212323
