original_size: (591, 474)
shift_x: -0.1223
shift_y: -0.9542
angle: -0.8174008974265554
scale: 0.508958747359133
