original_size: (591, 474)
shift_x: -0.1367
shift_y: 0.5627
angle: -0.5661379226291938
scale: 0.5002732213209264
