original_size: (736, 736)
shift_x: -0.2260
shift_y: -0.5427
angle: 3.810261054554644
scale: 1.9283539385670043
