original_size: (736, 736)
shift_x: 0.5486
shift_y: 0.4887
angle: 3.599338783990193
scale: 0.4581994675881124
