original_size: (736, 736)
shift_x: 0.6015
shift_y: -0.9600
angle: 0.9070358026883039
scale: 0.5267118070790167
