original_size: (736, 736)
shift_x: 0.2104
shift_y: 0.5321
angle: 2.188021923414107
scale: 0.5003318970199108
