original_size: (736, 736)
shift_x: -0.4265
shift_y: -0.8318
angle: -0.7506965526934106
scale: 0.4887500400894877
