original_size: (736, 736)
shift_x: -0.3252
shift_y: -0.3931
angle: -4.618907311471377
scale: 1.9062485133932638
