original_size: (736, 736)
shift_x: -0.7242
shift_y: 0.6725
angle: 3.790600136050422
scale: 0.498778144006481
