original_size: (736, 736)
shift_x: 0.9059
shift_y: -0.4399
angle: 1.747927593209548
scale: 2.1229262087697744
