original_size: (736, 736)
shift_x: 0.5711
shift_y: 0.1802
angle: -3.8885185155507775
scale: 0.4575925496735874
