original_size: (736, 736)
shift_x: -0.7312
shift_y: 0.7846
angle: -1.587079404341989
scale: 1.9389656510846809
