original_size: (736, 736)
shift_x: -0.0710
shift_y: 0.0952
angle: 4.261037729848185
scale: 0.5089768021920198
