original_size: (736, 736)
shift_x: -0.2937
shift_y: 0.6032
angle: -0.5725333493700546
scale: 2.145432629476598
