original_size: (736, 736)
shift_x: -0.1175
shift_y: -0.9834
angle: -3.539362556248217
scale: 1.8322313593741206
