original_size: (736, 736)
shift_x: 0.1998
shift_y: -0.5902
angle: 2.836965556208356
scale: 1.9586706988389124
