original_size: (736, 736)
shift_x: 0.1168
shift_y: 0.7334
angle: 3.7284999954056204
scale: 1.9677132780770492
