original_size: (736, 736)
shift_x: -0.3316
shift_y: 0.2308
angle: -3.0088059305308557
scale: 0.5162833478088941
