original_size: (736, 736)
shift_x: 0.8588
shift_y: 0.5558
angle: 1.9602313125573323
scale: 1.8408393187607994
