original_size: (736, 736)
shift_x: -0.0655
shift_y: -0.4010
angle: 4.012073859332787
scale: 2.110733001168315
