original_size: (736, 736)
shift_x: 0.2598
shift_y: -0.5661
angle: -3.8601240921436277
scale: 0.5267389854734514
