original_size: (736, 736)
shift_x: -0.6327
shift_y: -0.2690
angle: 1.9601199024094607
scale: 0.45783302921372704
