original_size: (981, 736)
shift_x: -0.5832
shift_y: 0.8614
angle: -2.2317212292852098
scale: 1.8434169151322002
