original_size: (981, 736)
shift_x: -0.2441
shift_y: -0.0030
angle: 2.6046740199489884
scale: 0.5185127077164724
