original_size: (981, 736)
shift_x: -0.1947
shift_y: 0.4180
angle: 3.8749838151104274
scale: 2.028885106390068
