original_size: (981, 736)
shift_x: -0.7008
shift_y: -0.0722
angle: -0.6728224008271795
scale: 1.830093030205203
