original_size: (981, 736)
shift_x: 0.6503
shift_y: 0.3498
angle: 1.6096056344032093
scale: 2.1026362553869924
