original_size: (981, 736)
shift_x: 0.2222
shift_y: -0.9846
angle: 1.9247591456398627
scale: 1.8277184765476433
