original_size: (981, 736)
shift_x: -0.9969
shift_y: -0.1608
angle: -4.511582853050827
scale: 0.49987762461931706
