original_size: (981, 736)
shift_x: 0.6697
shift_y: 0.9931
angle: -3.7346036494057433
scale: 0.49150225814069715
