original_size: (981, 736)
shift_x: 0.7616
shift_y: -0.3039
angle: -1.2689059306262829
scale: 0.4975193758374308
