original_size: (981, 736)
shift_x: 0.0153
shift_y: 0.9799
angle: 3.379955550145519
scale: 0.5113007795950336
