original_size: (981, 736)
shift_x: 0.4072
shift_y: 0.6559
angle: 1.0847540927861745
scale: 0.492058615498413
