original_size: (981, 736)
shift_x: -0.4745
shift_y: 0.6840
angle: 2.0696272848290453
scale: 0.4862717063655154
