original_size: (981, 736)
shift_x: -0.1623
shift_y: 0.7273
angle: 4.474999772374172
scale: 0.4822934151004464
