original_size: (981, 736)
shift_x: -0.9451
shift_y: 0.5971
angle: 0.5358728622968121
scale: 0.5328782884861866
