original_size: (981, 736)
shift_x: -0.5210
shift_y: 0.4225
angle: 2.734869466661639
scale: 2.134732685875028
