original_size: (981, 736)
shift_x: -0.7067
shift_y: 0.9265
angle: -3.4323009304817944
scale: 2.0437972201621317
