original_size: (981, 736)
shift_x: -0.7353
shift_y: -0.1402
angle: 1.339812820346289
scale: 2.1627545928457477
