original_size: (981, 736)
shift_x: -0.4216
shift_y: 0.2382
angle: -0.8669013842235191
scale: 2.10610700913614
