original_size: (981, 736)
shift_x: 0.8721
shift_y: -0.9686
angle: 1.908322152649216
scale: 1.9694656735376983
