original_size: (981, 736)
shift_x: -0.8433
shift_y: -0.8474
angle: 1.5744055630872626
scale: 0.5381354637247855
