original_size: (497, 634)
shift_x: 0.9057
shift_y: 0.8179
angle: 2.048353754586495
scale: 0.475254172365523
