original_size: (497, 634)
shift_x: -0.0841
shift_y: -0.1914
angle: -0.8300573171050107
scale: 1.8691129329941731
