original_size: (497, 634)
shift_x: 0.4361
shift_y: 0.7481
angle: -4.1889209426018486
scale: 0.544340672510255
