original_size: (497, 634)
shift_x: -0.6329
shift_y: 0.9863
angle: -0.28294051794857644
scale: 2.1112577187282318
