original_size: (497, 634)
shift_x: 0.1069
shift_y: -0.3869
angle: -3.563345203665862
scale: 2.1729468541641213
