original_size: (497, 634)
shift_x: 0.4818
shift_y: 0.8202
angle: -2.076754276151045
scale: 0.4639568926965936
