original_size: (497, 634)
shift_x: -0.4813
shift_y: -0.6583
angle: 4.270955693256187
scale: 1.9409015174567008
