original_size: (497, 634)
shift_x: 0.7844
shift_y: 0.4213
angle: -3.6406751697250295
scale: 1.9716281763723695
