original_size: (497, 634)
shift_x: 0.0638
shift_y: 0.2947
angle: -0.5387288087847244
scale: 1.814760630999247
