original_size: (497, 634)
shift_x: 0.0408
shift_y: 0.6091
angle: 2.2168058955601397
scale: 0.4920426105572486
