original_size: (497, 634)
shift_x: -0.6066
shift_y: 0.4391
angle: 0.9770144576060202
scale: 0.5151916119337306
