original_size: (497, 634)
shift_x: -0.5571
shift_y: 0.9011
angle: -0.7247345445732458
scale: 1.9270805340181925
