original_size: (497, 634)
shift_x: -0.7486
shift_y: -0.2969
angle: -3.4257596150448952
scale: 0.45913342679061864
