original_size: (497, 634)
shift_x: -0.2383
shift_y: 0.2922
angle: 0.4231803604756257
scale: 0.45072113146815473
