original_size: (497, 634)
shift_x: 0.5014
shift_y: -0.8245
angle: -3.4245625947545277
scale: 0.45608418627088343
