original_size: (497, 634)
shift_x: 0.5673
shift_y: 0.4897
angle: 1.9879908759799676
scale: 1.9080113283950588
