original_size: (497, 634)
shift_x: -0.7018
shift_y: -0.1131
angle: -2.781257131283713
scale: 0.5441517219658687
