original_size: (497, 634)
shift_x: 0.7740
shift_y: -0.2451
angle: 1.870919117590848
scale: 2.0470337663037337
