original_size: (497, 634)
shift_x: 0.1942
shift_y: -0.9745
angle: 0.8536877623142232
scale: 0.4576078217559508
