original_size: (497, 634)
shift_x: 0.9121
shift_y: -0.2926
angle: -4.203980604295692
scale: 1.8045404393635116
