original_size: (981, 736)
shift_x: -1.1152
shift_y: 0.6846
angle: -3.529216349425707
scale: 0.22525157452381434
