original_size: (981, 736)
shift_x: 1.6214
shift_y: 2.9969
angle: -1.1724886219787756
scale: 0.2392795731616704
