original_size: (981, 736)
shift_x: -0.0963
shift_y: 1.3661
angle: 4.440841544289942
scale: 0.22502612830192079
