original_size: (981, 736)
shift_x: 1.6758
shift_y: -2.9477
angle: -4.903787411055546
scale: 0.2578866688178257
