original_size: (981, 736)
shift_x: 2.4446
shift_y: 1.4773
angle: 0.6247483490642205
scale: 0.2422968337192067
