original_size: (981, 736)
shift_x: 0.6514
shift_y: -2.8024
angle: -4.255056672630979
scale: 0.24733435140613474
