original_size: (981, 736)
shift_x: -1.1006
shift_y: 2.5364
angle: 3.248093482125359
scale: 0.26993200991227645
