original_size: (981, 736)
shift_x: 0.2033
shift_y: 2.8531
angle: -1.3967636825242344
scale: 0.2337325958086708
