original_size: (981, 736)
shift_x: -2.7215
shift_y: 1.2865
angle: 3.8862498065865587
scale: 0.2662557772834721
