original_size: (981, 736)
shift_x: -1.4716
shift_y: -1.7880
angle: 2.5663678617372465
scale: 0.23785285423710067
