original_size: (981, 736)
shift_x: -1.6883
shift_y: -1.2690
angle: -3.7325414901695195
scale: 0.24371329899978542
