original_size: (981, 736)
shift_x: -1.0268
shift_y: 0.2856
angle: -1.8198114903866025
scale: 0.26408385820170555
