original_size: (981, 736)
shift_x: 0.1771
shift_y: 1.1776
angle: 4.426754140044
scale: 0.23642090144170957
