original_size: (981, 736)
shift_x: -2.6533
shift_y: -2.3035
angle: -1.377295182158793
scale: 0.2613882980410843
