original_size: (981, 736)
shift_x: 1.1542
shift_y: -1.7885
angle: -3.295132922181796
scale: 0.27480580770186236
