original_size: (981, 736)
shift_x: -2.8339
shift_y: 1.3746
angle: -2.6255180540792145
scale: 0.2526447828777035
