original_size: (981, 736)
shift_x: -2.3965
shift_y: -1.5111
angle: -1.2561817809504205
scale: 0.23024229872611734
