original_size: (981, 736)
shift_x: -0.7075
shift_y: -0.2891
angle: 1.1967028250474163
scale: 0.2492112704235347
