original_size: (981, 736)
shift_x: 0.6631
shift_y: 2.7348
angle: -0.7775708740627643
scale: 0.2445220622513108
