original_size: (981, 736)
shift_x: 0.8343
shift_y: -0.2396
angle: 0.016724789585764732
scale: 0.26470479942312497
