original_size: (1309, 736)
shift_x: 2.3087
shift_y: -2.2880
angle: 0.9587638829730114
scale: 0.25231139111328055
