original_size: (1309, 736)
shift_x: 2.3768
shift_y: -1.4695
angle: 4.0384731421293285
scale: 0.273997876911723
