original_size: (1309, 736)
shift_x: 1.6052
shift_y: -0.2096
angle: 0.4630250565524303
scale: 0.22580323890645085
