original_size: (1309, 736)
shift_x: 1.1858
shift_y: 0.2358
angle: 4.791490375599432
scale: 0.22846271333828228
