original_size: (1309, 736)
shift_x: 0.8931
shift_y: 0.3323
angle: -3.1201441385528392
scale: 0.2656164116523262
