original_size: (1309, 736)
shift_x: 2.3760
shift_y: 2.3492
angle: 1.362666691444784
scale: 0.22631082529900426
