original_size: (1309, 736)
shift_x: 1.6923
shift_y: 0.8466
angle: 2.0032935144830972
scale: 0.24248860315052237
