original_size: (1309, 736)
shift_x: 2.2190
shift_y: 2.4996
angle: -2.3373758242878484
scale: 0.24097194417440548
