original_size: (1309, 736)
shift_x: 1.8398
shift_y: -1.0873
angle: 3.48079536835988
scale: 0.269393358736129
