original_size: (1309, 736)
shift_x: 1.4173
shift_y: -0.8458
angle: 3.1904512628038564
scale: 0.25769122377491555
