original_size: (981, 736)
shift_x: -0.4402
shift_y: 2.9649
angle: -4.541041770025681
scale: 0.2401391816998103
