original_size: (981, 736)
shift_x: -2.4497
shift_y: 0.7569
angle: 2.003891389199702
scale: 0.23123699509533213
