original_size: (981, 736)
shift_x: -0.5130
shift_y: -1.7298
angle: 1.0319077855616134
scale: 0.25198291189303845
