original_size: (981, 736)
shift_x: 0.1778
shift_y: 0.3458
angle: -4.654629335600951
scale: 0.24592625190370312
