original_size: (981, 736)
shift_x: -1.8857
shift_y: 0.1481
angle: -0.24365757405881716
scale: 0.2469302279804061
