original_size: (981, 736)
shift_x: -2.0065
shift_y: -2.3613
angle: -4.3994016453192515
scale: 0.2417298784171565
