original_size: (981, 736)
shift_x: -0.4170
shift_y: -2.5159
angle: -3.900730831669944
scale: 0.27347571462754394
