original_size: (981, 736)
shift_x: -0.0013
shift_y: 2.4515
angle: -1.635721849234165
scale: 0.27296733049468397
