original_size: (981, 736)
shift_x: 0.5713
shift_y: -1.1021
angle: 3.7974588572125043
scale: 0.2427002836740005
