original_size: (981, 736)
shift_x: -0.3115
shift_y: -1.5257
angle: 4.925480135321486
scale: 0.2400921897701749
