original_size: (981, 736)
shift_x: 0.4511
shift_y: 1.4084
angle: 3.047828366047332
scale: 0.2526507466676236
