original_size: (981, 736)
shift_x: 1.3178
shift_y: -0.8088
angle: -3.462252587335002
scale: 0.241913896278401
