original_size: (981, 736)
shift_x: -1.0192
shift_y: 2.8577
angle: 0.5319700305265149
scale: 0.23380318560726507
