original_size: (981, 736)
shift_x: -0.4099
shift_y: -2.2989
angle: 0.26730624232046285
scale: 0.2700536030052345
