original_size: (981, 736)
shift_x: 1.5846
shift_y: -1.5874
angle: 0.9010920526631434
scale: 0.24836525444829358
