original_size: (981, 736)
shift_x: -1.1709
shift_y: 0.2853
angle: 3.593205064470654
scale: 0.24505538930114168
