original_size: (981, 736)
shift_x: 2.8191
shift_y: 2.8660
angle: -4.780345459985141
scale: 0.2603772304055524
