original_size: (981, 736)
shift_x: -0.4370
shift_y: 2.2206
angle: 2.552530453644323
scale: 0.24687572391337975
