original_size: (981, 736)
shift_x: -2.4958
shift_y: -2.2858
angle: -1.174686121706773
scale: 0.23992244666166734
