original_size: (981, 736)
shift_x: 2.2556
shift_y: -2.8112
angle: 2.052941118773366
scale: 0.22964201870962195
