original_size: (920, 736)
shift_x: 2.8893
shift_y: -1.5114
angle: 0.43180641640761586
scale: 0.26523518663864154
