original_size: (920, 736)
shift_x: 1.4526
shift_y: -2.8632
angle: -1.5624797908108903
scale: 0.2404373764729662
