original_size: (920, 736)
shift_x: 0.6580
shift_y: 1.3640
angle: -3.4559273906659973
scale: 0.2666096395054749
