original_size: (920, 736)
shift_x: 0.9688
shift_y: 0.1659
angle: -2.6025216145480687
scale: 0.23823129874725213
