original_size: (920, 736)
shift_x: 0.6358
shift_y: 1.7910
angle: -2.251630880707575
scale: 0.24219092565626268
