original_size: (920, 736)
shift_x: -1.1303
shift_y: -1.1571
angle: 2.680025044297932
scale: 0.2682501783372839
