original_size: (920, 736)
shift_x: -1.1209
shift_y: 0.1648
angle: -1.5508904518685562
scale: 0.2421080571709142
