original_size: (920, 736)
shift_x: -1.3717
shift_y: 1.4601
angle: 0.23245609890087948
scale: 0.2480973530703581
