original_size: (920, 736)
shift_x: -1.5488
shift_y: 0.6278
angle: 4.563874838498348
scale: 0.2676253386382399
