original_size: (920, 736)
shift_x: 2.3053
shift_y: 0.6045
angle: 3.705685012788928
scale: 0.2327259616761862
