original_size: (1001, 736)
shift_x: 0.3946
shift_y: -1.1407
angle: -2.3770822136316125
scale: 0.23602762915262204
