original_size: (1001, 736)
shift_x: -0.9070
shift_y: 1.5745
angle: 4.3472137668297535
scale: 0.22782417635728305
