original_size: (1001, 736)
shift_x: 1.0470
shift_y: -0.0381
angle: 3.452707141961259
scale: 0.2509956024760976
