original_size: (1001, 736)
shift_x: -1.7389
shift_y: -0.1331
angle: 0.6259269438029254
scale: 0.22815898701712228
