original_size: (1001, 736)
shift_x: 1.2318
shift_y: -2.3049
angle: -1.9241962876736496
scale: 0.24193021962464403
