original_size: (1001, 736)
shift_x: -2.5691
shift_y: -1.5814
angle: -0.12652031528829522
scale: 0.25742029054780263
