original_size: (1001, 736)
shift_x: -2.1789
shift_y: 1.1693
angle: 1.7080081127095195
scale: 0.26314280354752484
