original_size: (1001, 736)
shift_x: 0.9555
shift_y: 2.5772
angle: 4.58153309824308
scale: 0.2307147068502603
