original_size: (1001, 736)
shift_x: -2.1974
shift_y: 2.6430
angle: -4.515198529997621
scale: 0.24163468315844555
