original_size: (1001, 736)
shift_x: 2.5071
shift_y: -0.8037
angle: -3.5762789071995127
scale: 0.27386110619504084
