original_size: (800, 449)
shift_x: -1.0414
shift_y: -1.4852
angle: -3.7203994550769073
scale: 0.27236036458564133
