original_size: (800, 449)
shift_x: -0.0449
shift_y: -1.3319
angle: 0.5661661371012876
scale: 0.2547087523130179
