original_size: (800, 449)
shift_x: -2.8863
shift_y: -0.8609
angle: 2.731548003524966
scale: 0.22626659392732312
