original_size: (800, 449)
shift_x: 1.9279
shift_y: -0.3492
angle: 4.797403366876811
scale: 0.22676414043382426
