original_size: (800, 449)
shift_x: -2.5795
shift_y: 2.5602
angle: 3.2524437808679902
scale: 0.261742322875913
