original_size: (800, 449)
shift_x: 2.9845
shift_y: 2.2693
angle: -3.938214160015053
scale: 0.27215519235547597
