original_size: (800, 449)
shift_x: -0.3431
shift_y: 1.9855
angle: -4.0141521158197815
scale: 0.245561460544134
