original_size: (800, 449)
shift_x: -0.7606
shift_y: -1.5378
angle: -0.36847117960007747
scale: 0.27047697051539005
