original_size: (800, 449)
shift_x: 2.8057
shift_y: 0.9710
angle: 2.177023343409603
scale: 0.24289661798832757
