original_size: (800, 449)
shift_x: 1.3891
shift_y: -0.4276
angle: 2.7463996725799156
scale: 0.22653527525393552
