original_size: (981, 736)
shift_x: 2.2523
shift_y: 2.7257
angle: -1.0973987392573061
scale: 0.24514975590228005
