original_size: (981, 736)
shift_x: -2.6051
shift_y: -1.4840
angle: -4.016308839044978
scale: 0.2283820410344517
