original_size: (981, 736)
shift_x: -2.5946
shift_y: -2.9586
angle: -4.931893761292665
scale: 0.23260077866216827
