original_size: (981, 736)
shift_x: 0.7776
shift_y: -2.5388
angle: -2.871641912740243
scale: 0.2732224220427758
