original_size: (981, 736)
shift_x: 1.9994
shift_y: -2.2633
angle: 2.8416059854292435
scale: 0.23349695122563552
