original_size: (981, 736)
shift_x: 1.5221
shift_y: -0.1579
angle: -3.548338987333258
scale: 0.2599043816650556
