original_size: (981, 736)
shift_x: 0.0455
shift_y: -1.0790
angle: 1.9212265500292354
scale: 0.235510601117774
