original_size: (981, 736)
shift_x: -2.9817
shift_y: 2.8322
angle: -3.4781931618935404
scale: 0.2416665845515975
