original_size: (981, 736)
shift_x: -1.1078
shift_y: 1.3713
angle: 1.1314370466311194
scale: 0.24754860023941574
