original_size: (981, 736)
shift_x: -0.0686
shift_y: 2.5940
angle: -1.9226416479386046
scale: 0.24286552452121135
