original_size: (1104, 736)
shift_x: -2.5248
shift_y: -1.1982
angle: 2.356711104112808
scale: 0.23717549623944134
