original_size: (1104, 736)
shift_x: 1.3067
shift_y: 1.1254
angle: -2.1810213398860467
scale: 0.24243210759514355
