original_size: (1104, 736)
shift_x: -1.4855
shift_y: 1.8312
angle: 4.3712605116996155
scale: 0.23002007765428303
