original_size: (1104, 736)
shift_x: 0.3628
shift_y: 0.3159
angle: -3.4094363890517543
scale: 0.27074980733742304
