original_size: (1104, 736)
shift_x: -2.4108
shift_y: -0.9156
angle: -2.322997174264716
scale: 0.2635080588830534
