original_size: (1104, 736)
shift_x: -1.2045
shift_y: -2.5923
angle: -4.772425332691073
scale: 0.2590044702778005
