original_size: (1104, 736)
shift_x: 2.2747
shift_y: 2.5325
angle: -3.813643009459172
scale: 0.23113677662212728
