original_size: (1104, 736)
shift_x: 2.0106
shift_y: -0.0109
angle: -4.527088583237289
scale: 0.24883288326640685
