original_size: (1104, 736)
shift_x: -0.8672
shift_y: -1.8274
angle: -0.45527892400984005
scale: 0.24301956437251176
