original_size: (1104, 736)
shift_x: 2.8323
shift_y: 0.7509
angle: 2.744703365084491
scale: 0.2551988901506693
