original_size: (981, 736)
shift_x: -0.5239
shift_y: 0.8661
angle: -0.6820600775377308
scale: 0.23686750149325714
