original_size: (981, 736)
shift_x: 1.0247
shift_y: 1.5487
angle: -2.6288582297941754
scale: 0.23712241780035367
