original_size: (981, 736)
shift_x: -0.6878
shift_y: -0.0585
angle: -2.5537766145683163
scale: 0.2651009783692968
