original_size: (981, 736)
shift_x: -1.8086
shift_y: 2.8337
angle: 0.957253248429689
scale: 0.26626480085892973
