original_size: (981, 736)
shift_x: 0.9129
shift_y: -0.2773
angle: 3.465429507288462
scale: 0.249219201423286
