original_size: (981, 736)
shift_x: -1.6179
shift_y: -2.4682
angle: -1.6608368688107022
scale: 0.2257074349970392
