original_size: (981, 736)
shift_x: 2.1007
shift_y: -2.3580
angle: 1.4664141708980702
scale: 0.22869824214354217
