original_size: (981, 736)
shift_x: -2.3883
shift_y: 0.7792
angle: -0.6311574103593278
scale: 0.2529478551649341
