original_size: (981, 736)
shift_x: -1.8906
shift_y: -1.6069
angle: -4.68684487891328
scale: 0.2706961142908467
