original_size: (981, 736)
shift_x: -0.9538
shift_y: -1.1041
angle: 3.6656622253491165
scale: 0.2677924883808045
