original_size: (1136, 640)
shift_x: 0.2797
shift_y: -2.1998
angle: -2.6897945982779135
scale: 0.2660494602562907
