original_size: (1136, 640)
shift_x: 1.8569
shift_y: -1.0751
angle: -1.6125396101017442
scale: 0.2685034076294216
