original_size: (1136, 640)
shift_x: -0.6118
shift_y: -2.2988
angle: 0.6984703299629134
scale: 0.2642111510517678
