original_size: (1136, 640)
shift_x: 0.9400
shift_y: 1.1667
angle: 2.9654460606419963
scale: 0.26933668985748643
