original_size: (1136, 640)
shift_x: 0.3580
shift_y: 1.4312
angle: -4.888171013863406
scale: 0.24516481186890984
