original_size: (1136, 640)
shift_x: 2.8703
shift_y: 0.4359
angle: 3.663781669279091
scale: 0.25451725443987006
