original_size: (1136, 640)
shift_x: 1.5533
shift_y: -2.9440
angle: -4.341563413777027
scale: 0.25287937954094153
