original_size: (1136, 640)
shift_x: -0.6126
shift_y: -2.5932
angle: 4.578297517393063
scale: 0.24027185752512506
