original_size: (1136, 640)
shift_x: -1.7480
shift_y: -1.2807
angle: -1.792469038696848
scale: 0.2594618683429558
