original_size: (1136, 640)
shift_x: 0.4947
shift_y: -0.7597
angle: 4.558765535824836
scale: 0.24016396380587726
