original_size: (736, 736)
shift_x: 1.4683
shift_y: 1.9979
angle: 1.0453357152931488
scale: 0.27320916876665297
