original_size: (736, 736)
shift_x: -0.7377
shift_y: 2.3463
angle: -2.072290294055339
scale: 0.24830764993261037
