original_size: (736, 736)
shift_x: 2.9997
shift_y: -2.3943
angle: -3.605068231694922
scale: 0.259354638761088
