original_size: (736, 736)
shift_x: -1.1796
shift_y: 2.3508
angle: -2.8467905460836187
scale: 0.2593911974206882
