original_size: (736, 736)
shift_x: 1.6946
shift_y: -1.9232
angle: -2.633319412276902
scale: 0.2670183771604439
