original_size: (736, 736)
shift_x: 0.0572
shift_y: -2.7826
angle: -4.26234943775507
scale: 0.27025017789907974
