original_size: (736, 736)
shift_x: 1.4196
shift_y: 2.9558
angle: -3.0498379200396597
scale: 0.23903353237956845
