original_size: (736, 736)
shift_x: 1.4109
shift_y: 2.4138
angle: -0.5198861248809372
scale: 0.2604359884998862
