original_size: (736, 736)
shift_x: 2.8294
shift_y: 1.3593
angle: -4.110742064543666
scale: 0.23559130268758552
