original_size: (736, 736)
shift_x: -1.3468
shift_y: -0.6707
angle: 3.862139592476982
scale: 0.2748913897918613
