original_size: (920, 736)
shift_x: -0.4989
shift_y: 2.1459
angle: -4.671519569570981
scale: 0.24091143248604857
