original_size: (920, 736)
shift_x: 1.7990
shift_y: 1.5658
angle: -4.936263924319887
scale: 0.2675496628263836
