original_size: (920, 736)
shift_x: -2.4315
shift_y: 0.1854
angle: -4.737007168729031
scale: 0.2600829803450259
