original_size: (920, 736)
shift_x: 2.4672
shift_y: 0.4206
angle: 0.8679543427938725
scale: 0.25945914536809805
