original_size: (920, 736)
shift_x: -2.0187
shift_y: 1.2309
angle: 3.356224736531118
scale: 0.24952620663494582
