original_size: (920, 736)
shift_x: 1.9385
shift_y: 2.8985
angle: 2.597564289251933
scale: 0.2659839051203439
