original_size: (920, 736)
shift_x: 1.6115
shift_y: -0.7777
angle: 1.4800752904207535
scale: 0.22730344699592617
