original_size: (920, 736)
shift_x: 0.4939
shift_y: 1.3669
angle: 0.7382549343261404
scale: 0.26407847467433443
