original_size: (920, 736)
shift_x: -2.8682
shift_y: 1.9840
angle: 2.9170574629335757
scale: 0.24812952258422527
