original_size: (920, 736)
shift_x: -2.2400
shift_y: 2.4382
angle: -0.5083809462555209
scale: 0.2717686128873136
