original_size: (981, 736)
shift_x: -0.6453
shift_y: -2.1189
angle: -2.277499563432958
scale: 0.2600443735032919
