original_size: (981, 736)
shift_x: 2.9876
shift_y: 0.7895
angle: -1.1608228643492646
scale: 0.2530653137949708
