original_size: (981, 736)
shift_x: 1.6523
shift_y: 1.8249
angle: -1.645585331073188
scale: 0.2539465662174672
