original_size: (981, 736)
shift_x: -2.6582
shift_y: -1.8288
angle: 3.179862212048258
scale: 0.24469421115519668
