original_size: (981, 736)
shift_x: 1.0088
shift_y: -2.8534
angle: 3.5238151158965696
scale: 0.23145625655608154
