original_size: (981, 736)
shift_x: 1.5808
shift_y: 1.4224
angle: -4.955666692869823
scale: 0.25222320811132853
