original_size: (981, 736)
shift_x: 2.7767
shift_y: 2.5500
angle: -1.5705885413929321
scale: 0.25622429635636934
