original_size: (981, 736)
shift_x: 2.8626
shift_y: 0.2625
angle: -3.1098165027383406
scale: 0.273510464782684
