original_size: (981, 736)
shift_x: 1.0349
shift_y: -2.8395
angle: -4.266805031057007
scale: 0.2651772288343945
