original_size: (981, 736)
shift_x: 2.0871
shift_y: -0.0656
angle: -1.1573911042212668
scale: 0.22939456859094784
