original_size: (552, 736)
shift_x: -2.5734
shift_y: -0.8239
angle: -2.4213582176550617
scale: 0.23745503582003658
