original_size: (552, 736)
shift_x: -0.5441
shift_y: -1.5375
angle: -0.0020030319450494716
scale: 0.2690542344728944
