original_size: (552, 736)
shift_x: -1.7733
shift_y: 0.4049
angle: 0.794259088782562
scale: 0.24665397155325935
