original_size: (552, 736)
shift_x: -1.2737
shift_y: 2.5715
angle: 2.070503148179209
scale: 0.267649017805373
