original_size: (552, 736)
shift_x: 1.3146
shift_y: 1.0650
angle: -0.8730998370996543
scale: 0.2564099858615819
