original_size: (552, 736)
shift_x: -0.9658
shift_y: -0.7972
angle: -1.1537101581867528
scale: 0.25779382901850056
