original_size: (552, 736)
shift_x: 2.1175
shift_y: -1.4678
angle: -3.479658462751347
scale: 0.24972164042213857
