original_size: (552, 736)
shift_x: -2.2535
shift_y: -0.8353
angle: 4.284450904745322
scale: 0.258785314886699
