original_size: (552, 736)
shift_x: 0.9306
shift_y: -2.1061
angle: 3.2425863501493417
scale: 0.271648502774514
