original_size: (552, 736)
shift_x: 1.3119
shift_y: -2.1032
angle: -1.2665844965255104
scale: 0.26262733602032395
