original_size: (1308, 736)
shift_x: -0.6826
shift_y: -1.2160
angle: 1.0133972036297063
scale: 0.266982460851725
