original_size: (1308, 736)
shift_x: 0.7756
shift_y: 0.4056
angle: -2.9099688588550143
scale: 0.2370268213763743
