original_size: (1308, 736)
shift_x: 2.0960
shift_y: -2.1576
angle: 1.125495179240196
scale: 0.24243627656405295
