original_size: (1308, 736)
shift_x: 0.7541
shift_y: 1.0160
angle: -2.613631028926784
scale: 0.24701303709990272
