original_size: (1308, 736)
shift_x: -0.5471
shift_y: 2.2529
angle: -1.1751059211716708
scale: 0.25527458802180447
