original_size: (1308, 736)
shift_x: -1.5403
shift_y: 1.2716
angle: -2.5051727383137257
scale: 0.23360448715176785
