original_size: (1308, 736)
shift_x: 1.7482
shift_y: -0.3056
angle: -4.3556259875170555
scale: 0.24769739265427557
