original_size: (1308, 736)
shift_x: 2.8487
shift_y: -0.9892
angle: 4.145254054068255
scale: 0.2744830681105596
