original_size: (1308, 736)
shift_x: -1.0126
shift_y: -0.7334
angle: 0.24495811845801096
scale: 0.24144878542185397
