original_size: (1308, 736)
shift_x: 0.1462
shift_y: -0.0885
angle: -2.3707852316708653
scale: 0.236454086379885
