original_size: (1104, 736)
shift_x: -0.5384
shift_y: 0.0265
angle: 1.1962142644526015
scale: 0.2691291666316632
