original_size: (1104, 736)
shift_x: 1.7489
shift_y: -1.0568
angle: 0.5232217817785934
scale: 0.25736069800356504
