original_size: (1104, 736)
shift_x: -1.1278
shift_y: -0.9058
angle: 4.372942939167789
scale: 0.2619776316894883
