original_size: (1104, 736)
shift_x: 0.2457
shift_y: -2.1616
angle: 2.074668326793639
scale: 0.25001589359688825
