original_size: (1104, 736)
shift_x: 1.3592
shift_y: -1.1524
angle: 3.0048664695981824
scale: 0.24572481685956338
