original_size: (1104, 736)
shift_x: 2.3368
shift_y: -2.1175
angle: 0.47750029884548795
scale: 0.2282282924401145
