original_size: (1104, 736)
shift_x: 0.7496
shift_y: -1.1413
angle: 2.4647584017376616
scale: 0.2580861663622275
