original_size: (1104, 736)
shift_x: 0.8286
shift_y: -1.9784
angle: -3.120795499023379
scale: 0.25284530834658037
