original_size: (1104, 736)
shift_x: 2.3780
shift_y: 1.4244
angle: -3.286875026927593
scale: 0.27049716983937905
