original_size: (1104, 736)
shift_x: -1.7023
shift_y: -0.9692
angle: 3.803582405963878
scale: 0.2716126552157965
