original_size: (918, 736)
shift_x: 2.5787
shift_y: -2.2677
angle: -1.7298629391439189
scale: 0.2503273737624935
