original_size: (918, 736)
shift_x: 1.0368
shift_y: 1.1210
angle: -1.871473828774298
scale: 0.23502783520163817
