original_size: (918, 736)
shift_x: 2.1450
shift_y: -1.7741
angle: -2.85121467561122
scale: 0.2672899535956653
