original_size: (918, 736)
shift_x: -2.7422
shift_y: 0.1465
angle: -3.320171622455285
scale: 0.24023468593647238
