original_size: (918, 736)
shift_x: -0.3648
shift_y: 1.8384
angle: -0.10613858400298071
scale: 0.2598003540874194
