original_size: (918, 736)
shift_x: -0.5165
shift_y: 0.6263
angle: 4.338064345969542
scale: 0.26552825997091256
