original_size: (918, 736)
shift_x: 2.7097
shift_y: -2.2035
angle: -4.38125460828612
scale: 0.2442721715447012
