original_size: (918, 736)
shift_x: 2.0143
shift_y: 2.1617
angle: -1.9226914391178918
scale: 0.25502451335966986
