original_size: (918, 736)
shift_x: 0.3359
shift_y: -0.9768
angle: -2.8924847536289864
scale: 0.23999766558508145
