original_size: (918, 736)
shift_x: 2.0214
shift_y: -0.7934
angle: 4.997406696537967
scale: 0.2332266377046079
