original_size: (720, 480)
shift_x: 2.4260
shift_y: -2.7544
angle: 1.7143561757363504
scale: 0.23713299659359327
