original_size: (720, 480)
shift_x: 1.5399
shift_y: -0.7381
angle: 1.6446173771145247
scale: 0.24781696679956608
