original_size: (720, 480)
shift_x: 0.8403
shift_y: 0.1667
angle: 4.199398024900619
scale: 0.26445584032835207
