original_size: (720, 480)
shift_x: 0.9985
shift_y: -1.4783
angle: 1.390341743444968
scale: 0.2429283791700959
