original_size: (720, 480)
shift_x: -2.7158
shift_y: -2.1508
angle: -3.5316780627677313
scale: 0.24410546647465417
