original_size: (720, 480)
shift_x: -1.2528
shift_y: -1.9331
angle: 4.821423087580497
scale: 0.2587715657324782
