original_size: (720, 480)
shift_x: 1.5658
shift_y: 2.2469
angle: 0.4801366927075259
scale: 0.24512283374110608
