original_size: (720, 480)
shift_x: -1.8419
shift_y: 2.6807
angle: -3.4660734629262455
scale: 0.26569360479913273
