original_size: (720, 480)
shift_x: 0.4076
shift_y: -0.9739
angle: -1.108085426715263
scale: 0.24273830178252384
