original_size: (720, 480)
shift_x: 2.0474
shift_y: 1.1259
angle: -1.512479913472017
scale: 0.2598288179208297
