original_size: (600, 390)
shift_x: 0.4340
shift_y: -2.2575
angle: 3.3432506731868408
scale: 0.27292142431107314
