original_size: (600, 390)
shift_x: -0.3169
shift_y: -0.3331
angle: 1.2213039678495452
scale: 0.2722265259161909
