original_size: (600, 390)
shift_x: -1.1999
shift_y: -0.4417
angle: 4.935903864342313
scale: 0.22724442396223
