original_size: (600, 390)
shift_x: -2.1049
shift_y: -2.0462
angle: 0.6692149534093286
scale: 0.2685136250730018
