original_size: (600, 390)
shift_x: -1.6647
shift_y: -2.7755
angle: 3.3642920117624087
scale: 0.24464797626907672
