original_size: (600, 390)
shift_x: -2.9210
shift_y: 1.5034
angle: -4.820874794869459
scale: 0.2570049858140019
