original_size: (600, 390)
shift_x: -1.6105
shift_y: 0.4506
angle: 2.5339004337000173
scale: 0.25143205980203454
