original_size: (600, 390)
shift_x: 1.1860
shift_y: -2.0231
angle: 4.101114353928727
scale: 0.23831205448253165
