original_size: (600, 390)
shift_x: 1.6720
shift_y: -2.8573
angle: -0.7868347100316084
scale: 0.2506746661255528
