original_size: (600, 390)
shift_x: 2.5814
shift_y: -0.5217
angle: 0.1395013282937967
scale: 0.2360885181300455
