original_size: (981, 736)
shift_x: 0.5505
shift_y: 2.9068
angle: -2.7103102404064474
scale: 0.2741014649343094
