original_size: (981, 736)
shift_x: 1.6433
shift_y: 0.8571
angle: 3.791117837754051
scale: 0.2657648921927009
