original_size: (981, 736)
shift_x: 1.3554
shift_y: -1.8995
angle: -0.8850781088187256
scale: 0.2582516116847876
