original_size: (981, 736)
shift_x: 1.8814
shift_y: -0.4735
angle: 0.42590197138216634
scale: 0.2466552083947659
