original_size: (981, 736)
shift_x: 2.9407
shift_y: 1.8253
angle: 1.126149548076901
scale: 0.24096437642106372
