original_size: (981, 736)
shift_x: -1.9382
shift_y: -0.6045
angle: -0.6597426083651312
scale: 0.2321063411509912
