original_size: (981, 736)
shift_x: 2.3172
shift_y: -1.2478
angle: 4.425516208961483
scale: 0.2316876934196943
