original_size: (981, 736)
shift_x: 0.8123
shift_y: 0.5800
angle: 3.424749802204559
scale: 0.25312421235163585
