original_size: (981, 736)
shift_x: -2.0186
shift_y: -1.1824
angle: -0.14907678941844793
scale: 0.2737949262526178
