original_size: (981, 736)
shift_x: 2.3480
shift_y: 2.2286
angle: -1.1839819561898288
scale: 0.245843767645276
