original_size: (981, 736)
shift_x: -1.1076
shift_y: 2.0257
angle: -4.875230093469446
scale: 0.2461532556767502
