original_size: (981, 736)
shift_x: -1.4947
shift_y: -2.2488
angle: -2.3942896051385096
scale: 0.24091124535836056
