original_size: (981, 736)
shift_x: 2.5742
shift_y: 2.0188
angle: -2.35812331371248
scale: 0.23787638504723144
