original_size: (981, 736)
shift_x: -2.8832
shift_y: 1.5111
angle: -0.10944112778850634
scale: 0.24434093724441522
