original_size: (981, 736)
shift_x: 2.8431
shift_y: -1.3786
angle: -3.8812276766473763
scale: 0.2307111382031947
