original_size: (981, 736)
shift_x: -1.2462
shift_y: 0.4120
angle: -0.030919633515083866
scale: 0.25125103280035005
