original_size: (981, 736)
shift_x: 1.0986
shift_y: 0.7899
angle: -0.9314917449710025
scale: 0.24147851895385036
