original_size: (981, 736)
shift_x: -2.1104
shift_y: 1.3822
angle: -2.4031536434977454
scale: 0.26259551182559293
