original_size: (981, 736)
shift_x: -1.0498
shift_y: -2.2736
angle: 3.7381896974768285
scale: 0.2666291808747016
