original_size: (981, 736)
shift_x: -2.7201
shift_y: -0.8091
angle: 0.4512244148947966
scale: 0.24474077916100076
