original_size: (875, 700)
shift_x: -0.5355
shift_y: 2.6373
angle: -0.06794151965459516
scale: 0.2741953450412241
