original_size: (875, 700)
shift_x: 1.5767
shift_y: -1.2830
angle: 1.4461425915558959
scale: 0.23971991109431162
