original_size: (875, 700)
shift_x: -1.0209
shift_y: 1.8548
angle: -4.815454305457778
scale: 0.265692897989509
