original_size: (875, 700)
shift_x: 0.8505
shift_y: 0.9855
angle: 2.2009419478849415
scale: 0.24347852639960635
