original_size: (875, 700)
shift_x: 1.8671
shift_y: -2.7917
angle: -3.1041645707960153
scale: 0.23109361635690817
