original_size: (875, 700)
shift_x: -1.6362
shift_y: 2.7809
angle: 3.6243336604381433
scale: 0.23505629189128163
