original_size: (875, 700)
shift_x: -0.9238
shift_y: 2.0680
angle: -3.540838345750333
scale: 0.22708950428411728
