original_size: (875, 700)
shift_x: 2.7267
shift_y: -2.6104
angle: 3.6979616743296813
scale: 0.2627473800292469
