original_size: (875, 700)
shift_x: 0.5301
shift_y: -2.1309
angle: -3.704715685989476
scale: 0.23771734304182995
