original_size: (875, 700)
shift_x: -1.1056
shift_y: -1.6869
angle: -4.869550271467574
scale: 0.22836296046382462
