original_size: (1104, 736)
shift_x: 1.9151
shift_y: 1.2193
angle: 0.7209000117260631
scale: 0.24065443412673998
