original_size: (1104, 736)
shift_x: 1.8851
shift_y: -1.3557
angle: 4.343549542686775
scale: 0.26164178432913787
