original_size: (1104, 736)
shift_x: 1.1076
shift_y: 2.8911
angle: 1.0365136036397047
scale: 0.24870728119693677
