original_size: (1104, 736)
shift_x: 0.5837
shift_y: -2.2210
angle: 4.014338035898486
scale: 0.24100103299579967
