original_size: (1104, 736)
shift_x: -2.4230
shift_y: 0.4616
angle: -4.6030763835278155
scale: 0.246358400354389
