original_size: (1104, 736)
shift_x: -0.5555
shift_y: 2.1741
angle: 1.0294134715248182
scale: 0.25290088390887344
