original_size: (1104, 736)
shift_x: 2.4174
shift_y: -2.4443
angle: -1.968321790002816
scale: 0.22716254728427934
