original_size: (1104, 736)
shift_x: -2.9254
shift_y: 1.8295
angle: -4.083532721434996
scale: 0.22839742199387236
