original_size: (1104, 736)
shift_x: -2.7040
shift_y: -1.7895
angle: -3.1651554352100697
scale: 0.26275376900520764
