original_size: (1104, 736)
shift_x: 1.3227
shift_y: -1.8634
angle: 0.34022225902233494
scale: 0.26910361579903924
