original_size: (981, 736)
shift_x: -2.1935
shift_y: 2.1940
angle: 3.9909941584606674
scale: 0.25946233766473537
