original_size: (981, 736)
shift_x: 0.1630
shift_y: -1.1245
angle: 3.2486902696645643
scale: 0.26643592268472566
