original_size: (981, 736)
shift_x: 2.8025
shift_y: -2.3792
angle: 0.3955492399102658
scale: 0.2435014122730462
