original_size: (981, 736)
shift_x: 1.4843
shift_y: 0.0153
angle: 1.3589308718771607
scale: 0.23383771752257188
