original_size: (981, 736)
shift_x: 0.9014
shift_y: 2.2344
angle: -1.8380354903075702
scale: 0.26844514604576025
