original_size: (981, 736)
shift_x: -0.2470
shift_y: -0.1776
angle: -0.6182664190380693
scale: 0.23796890763101564
