original_size: (981, 736)
shift_x: -0.2138
shift_y: 0.8575
angle: 4.436434983213534
scale: 0.23752632040287647
