original_size: (981, 736)
shift_x: 2.9601
shift_y: -0.0255
angle: 3.7406599124653024
scale: 0.26982257769491874
