original_size: (981, 736)
shift_x: 2.7463
shift_y: 1.9249
angle: 0.5883062168598316
scale: 0.25820466425412986
