original_size: (981, 736)
shift_x: -0.5269
shift_y: 1.5867
angle: -3.4031156757289924
scale: 0.2588825253940161
