original_size: (1103, 736)
shift_x: -2.5894
shift_y: -1.5429
angle: -2.0404914651650796
scale: 0.27336327158704377
