original_size: (1103, 736)
shift_x: 2.3188
shift_y: 1.9877
angle: 3.6647118894651456
scale: 0.2512825427991393
