original_size: (1103, 736)
shift_x: 1.1208
shift_y: 1.0073
angle: 3.0457937407717743
scale: 0.24988481424557044
