original_size: (1103, 736)
shift_x: -2.1930
shift_y: -0.5271
angle: 0.9108500794337138
scale: 0.2424688292017101
