original_size: (1103, 736)
shift_x: 2.1894
shift_y: 0.4102
angle: -2.1934121881492485
scale: 0.2691104791657365
