original_size: (1103, 736)
shift_x: -2.4476
shift_y: 0.6571
angle: -2.8388227517714206
scale: 0.22892670748637994
