original_size: (1103, 736)
shift_x: -1.9607
shift_y: 2.9170
angle: 4.211106976444242
scale: 0.24487964706048748
