original_size: (1103, 736)
shift_x: -0.1937
shift_y: -1.1622
angle: -3.7435449320301495
scale: 0.228433146186274
