original_size: (1103, 736)
shift_x: 1.6932
shift_y: -2.1756
angle: 1.6909834414038771
scale: 0.2276045295243322
