original_size: (1103, 736)
shift_x: 2.2426
shift_y: -0.1225
angle: 4.838909786160805
scale: 0.25870517173727897
