original_size: (915, 736)
shift_x: -1.4055
shift_y: 1.4380
angle: -1.5184353420525767
scale: 0.27357897903317613
