original_size: (915, 736)
shift_x: 1.0042
shift_y: -1.2911
angle: 3.7460035556115727
scale: 0.23202199763748577
