original_size: (915, 736)
shift_x: -0.2789
shift_y: 0.3116
angle: -2.808111356772327
scale: 0.23835732592976003
