original_size: (915, 736)
shift_x: 1.1160
shift_y: 2.1288
angle: 2.1225555507162577
scale: 0.24199710911237024
