original_size: (915, 736)
shift_x: 0.3744
shift_y: 2.6078
angle: -4.045551698272782
scale: 0.24971324248459276
