original_size: (915, 736)
shift_x: 0.7768
shift_y: -1.0756
angle: 2.509660898717959
scale: 0.22903922659110162
