original_size: (915, 736)
shift_x: -2.4979
shift_y: 0.1916
angle: -4.679950486064834
scale: 0.2534006049295953
