original_size: (915, 736)
shift_x: 0.6096
shift_y: 2.6657
angle: 1.027554577186086
scale: 0.2592940825382379
