original_size: (915, 736)
shift_x: 2.1210
shift_y: 0.9319
angle: 0.25780117910119227
scale: 0.25400925277458924
