original_size: (915, 736)
shift_x: 1.6102
shift_y: 1.2790
angle: 2.487046316447378
scale: 0.26805135500463856
