original_size: (920, 736)
shift_x: 1.3082
shift_y: -1.9426
angle: 2.456095302471657
scale: 0.22966652598984616
