original_size: (920, 736)
shift_x: -0.8246
shift_y: 2.2609
angle: -3.0949712646518455
scale: 0.22965791753944567
