original_size: (920, 736)
shift_x: 0.1746
shift_y: -0.5478
angle: 3.5399374326904347
scale: 0.2434412749930251
