original_size: (920, 736)
shift_x: 2.4003
shift_y: 1.6341
angle: 1.9933671408561073
scale: 0.23479253411490877
