original_size: (920, 736)
shift_x: 2.8660
shift_y: -1.7833
angle: 1.315113110392426
scale: 0.24737039937886107
