original_size: (920, 736)
shift_x: 2.9337
shift_y: 1.7004
angle: -4.873398361223481
scale: 0.260150987071322
