original_size: (920, 736)
shift_x: -2.2116
shift_y: -2.6791
angle: 4.720948116806866
scale: 0.22842453925894715
