original_size: (920, 736)
shift_x: 0.8833
shift_y: -0.5896
angle: -4.984830898674673
scale: 0.25205006584413014
