original_size: (920, 736)
shift_x: -1.1884
shift_y: 2.9140
angle: -3.985452674172217
scale: 0.25400493154779724
