original_size: (920, 736)
shift_x: 2.0675
shift_y: -1.7433
angle: 1.8781857673282722
scale: 0.24656045930101522
