original_size: (604, 486)
shift_x: 1.0445
shift_y: -0.6454
angle: -0.9726958889420807
scale: 0.23331575811232824
