original_size: (604, 486)
shift_x: -0.8191
shift_y: -1.0887
angle: -4.770531757045436
scale: 0.24563575378045732
