original_size: (604, 486)
shift_x: 0.4309
shift_y: 1.4143
angle: -3.9926118026780344
scale: 0.2397626003555472
