original_size: (604, 486)
shift_x: -2.0346
shift_y: -1.2323
angle: 4.739871006187531
scale: 0.26604420648315735
