original_size: (604, 486)
shift_x: -2.5254
shift_y: 1.4339
angle: 4.830849705655634
scale: 0.26756110430725355
