original_size: (604, 486)
shift_x: -1.8507
shift_y: -2.3802
angle: 3.689949106888955
scale: 0.23103907692044282
