original_size: (604, 486)
shift_x: -1.7507
shift_y: 2.3028
angle: 2.3364764017555526
scale: 0.22748867002058096
