original_size: (604, 486)
shift_x: 2.4293
shift_y: -2.9696
angle: 0.20288100659506014
scale: 0.24150565995564957
