original_size: (604, 486)
shift_x: 1.9924
shift_y: 2.1605
angle: 1.4087913982693143
scale: 0.24731896256185043
