original_size: (604, 486)
shift_x: 2.6005
shift_y: 2.1049
angle: 1.514143724534554
scale: 0.24181604397794232
