original_size: (450, 600)
shift_x: -2.4214
shift_y: 1.5637
angle: 4.66885861498519
scale: 0.2344887728780814
