original_size: (450, 600)
shift_x: -0.1623
shift_y: -0.1408
angle: 3.80190519734251
scale: 0.24037014024045256
