original_size: (450, 600)
shift_x: -1.6388
shift_y: 2.0560
angle: 2.461782809015167
scale: 0.2330194947963341
