original_size: (450, 600)
shift_x: 0.2883
shift_y: -0.2500
angle: 4.612765782967493
scale: 0.2723817441057635
