original_size: (450, 600)
shift_x: 1.4773
shift_y: 0.0117
angle: 0.19486751939746405
scale: 0.252242411798698
