original_size: (450, 600)
shift_x: 1.5806
shift_y: -0.7247
angle: -1.5260904677347642
scale: 0.2735641728164451
