original_size: (450, 600)
shift_x: 1.1307
shift_y: 2.6174
angle: 2.525489065163695
scale: 0.2641296611385205
