original_size: (450, 600)
shift_x: -1.4976
shift_y: -0.7012
angle: 1.4303752629590418
scale: 0.2571626416668075
