original_size: (450, 600)
shift_x: -0.8426
shift_y: 1.5099
angle: -0.8332897468612082
scale: 0.25674155855913444
