original_size: (450, 600)
shift_x: -0.4978
shift_y: -1.5783
angle: 4.020155362476682
scale: 0.27064299864786223
