original_size: (981, 736)
shift_x: -0.2441
shift_y: 0.7871
angle: 4.155280268290241
scale: 0.24761611826576452
