original_size: (981, 736)
shift_x: -2.2094
shift_y: 0.4742
angle: -3.2598821718269253
scale: 0.2726180797121789
