original_size: (981, 736)
shift_x: 2.9943
shift_y: -1.6177
angle: -0.45100418441287626
scale: 0.2407049853080041
