original_size: (981, 736)
shift_x: 1.3921
shift_y: 1.3641
angle: -0.057935461322885295
scale: 0.24782466768817618
