original_size: (981, 736)
shift_x: -2.8037
shift_y: 2.5327
angle: -4.902205827691541
scale: 0.25659419176562853
