original_size: (981, 736)
shift_x: -1.2409
shift_y: -1.5820
angle: -2.770525352908837
scale: 0.22803199434412785
