original_size: (981, 736)
shift_x: 0.0142
shift_y: 0.3611
angle: -2.377761661044626
scale: 0.2332043064468205
