original_size: (981, 736)
shift_x: 1.2704
shift_y: 0.9606
angle: -2.722226041695005
scale: 0.2686773980547662
