original_size: (981, 736)
shift_x: -1.3314
shift_y: 2.8216
angle: 2.806884445868816
scale: 0.254824329433713
