original_size: (981, 736)
shift_x: 0.3860
shift_y: -2.6994
angle: 4.010991138871523
scale: 0.2253200666325445
