original_size: (1308, 736)
shift_x: -0.5364
shift_y: -1.3478
angle: -2.0790904294673043
scale: 0.2579174022925715
