original_size: (1308, 736)
shift_x: -0.5107
shift_y: 1.4398
angle: 1.201967229394202
scale: 0.23864340752163887
