original_size: (1308, 736)
shift_x: 0.1840
shift_y: -0.5781
angle: -2.2191069818851217
scale: 0.2455414696657628
