original_size: (1308, 736)
shift_x: 2.5824
shift_y: 1.0119
angle: 1.34685561512907
scale: 0.26461890430836177
