original_size: (1308, 736)
shift_x: 0.8561
shift_y: -2.6020
angle: -4.231708822464517
scale: 0.22777422893533464
