original_size: (1308, 736)
shift_x: -0.3249
shift_y: -0.9112
angle: -4.986091773382924
scale: 0.2597701701204536
