original_size: (1308, 736)
shift_x: -0.4254
shift_y: 2.3002
angle: -4.209950827805007
scale: 0.2551983343507512
