original_size: (1308, 736)
shift_x: -2.0979
shift_y: 2.8008
angle: -2.4977150330236486
scale: 0.23303351965847804
