original_size: (1308, 736)
shift_x: -1.8994
shift_y: -2.8463
angle: -1.0689728069966775
scale: 0.27383472861902164
