original_size: (1308, 736)
shift_x: 2.7541
shift_y: 1.1338
angle: 3.1985029744525075
scale: 0.26116673948070973
