original_size: (468, 375)
shift_x: -0.6274
shift_y: 1.9309
angle: 3.7605135031922927
scale: 0.2476012700925519
