original_size: (468, 375)
shift_x: -2.6266
shift_y: 0.6554
angle: 1.7554592943590848
scale: 0.26415544782978906
