original_size: (468, 375)
shift_x: 1.3552
shift_y: -1.2108
angle: 4.047541009715955
scale: 0.26371636775214446
