original_size: (468, 375)
shift_x: -2.7763
shift_y: 1.2612
angle: -3.419527365881293
scale: 0.25256025971428375
