original_size: (468, 375)
shift_x: -1.1939
shift_y: 2.8025
angle: 1.484896834081737
scale: 0.2546178079441088
