original_size: (468, 375)
shift_x: -0.8252
shift_y: 2.7726
angle: 2.8714605533661715
scale: 0.2736104789507363
