original_size: (468, 375)
shift_x: 0.0587
shift_y: 2.8510
angle: 4.776809761221292
scale: 0.23822466515342192
