original_size: (468, 375)
shift_x: -2.8385
shift_y: -2.0346
angle: 4.062044003207294
scale: 0.27022426873453426
