original_size: (468, 375)
shift_x: -2.8021
shift_y: 0.7307
angle: 3.8765473284337624
scale: 0.2296243142998513
