original_size: (468, 375)
shift_x: -1.5134
shift_y: 2.0981
angle: -0.636047905358085
scale: 0.22690067868996744
