original_size: (920, 736)
shift_x: -2.8600
shift_y: 1.0600
angle: -2.7622484320063
scale: 0.23894397155455446
