original_size: (920, 736)
shift_x: 2.8868
shift_y: -2.6337
angle: 2.23192773967948
scale: 0.27279738699239064
