original_size: (920, 736)
shift_x: -0.2194
shift_y: -0.8740
angle: 1.1483001545563187
scale: 0.25791808626973883
