original_size: (920, 736)
shift_x: -2.0880
shift_y: -1.4396
angle: 4.417083934535977
scale: 0.25449298822699185
