original_size: (920, 736)
shift_x: 1.4382
shift_y: -1.5520
angle: 0.6536636232235358
scale: 0.2693243497630379
