original_size: (920, 736)
shift_x: -1.6056
shift_y: 1.2239
angle: -3.55948106608452
scale: 0.26136483120946924
