original_size: (920, 736)
shift_x: 1.8125
shift_y: -0.0450
angle: -3.7995022655071633
scale: 0.2444497072610613
