original_size: (920, 736)
shift_x: 2.2921
shift_y: 1.4638
angle: -0.0064553362209291976
scale: 0.2605904285074907
