original_size: (920, 736)
shift_x: 1.8951
shift_y: -0.7862
angle: -2.468931501707623
scale: 0.25604156097302266
