original_size: (920, 736)
shift_x: -2.0015
shift_y: 2.3936
angle: 1.3642912671405245
scale: 0.24125257012037846
