original_size: (920, 736)
shift_x: 0.9545
shift_y: 0.4074
angle: 4.937887097894475
scale: 0.24333796036840089
