original_size: (920, 736)
shift_x: -1.8801
shift_y: -0.2294
angle: -4.302771983836672
scale: 0.2538206822411488
