original_size: (920, 736)
shift_x: -2.0877
shift_y: -2.5370
angle: -1.4566799253558949
scale: 0.22908363711861854
