original_size: (920, 736)
shift_x: -2.9976
shift_y: 0.5430
angle: -2.3040693995027794
scale: 0.2655571814618488
