original_size: (920, 736)
shift_x: -1.0770
shift_y: -1.5400
angle: -4.332756403563432
scale: 0.2449782096976097
