original_size: (920, 736)
shift_x: -2.7956
shift_y: 2.7193
angle: 2.7831099909833545
scale: 0.24407177270281177
