original_size: (920, 736)
shift_x: 1.6476
shift_y: 1.4204
angle: -2.9507099520648827
scale: 0.2698693706077566
