original_size: (920, 736)
shift_x: 2.5159
shift_y: 0.6805
angle: -1.8585741930907238
scale: 0.25061697753456863
