original_size: (920, 736)
shift_x: 2.8107
shift_y: -2.5511
angle: 2.0004860734076333
scale: 0.24310433358763422
