original_size: (920, 736)
shift_x: 2.7850
shift_y: -0.1999
angle: 3.8859683181386675
scale: 0.26029652816578813
