original_size: (921, 735)
shift_x: -0.9668
shift_y: 2.0084
angle: -1.8431361672791913
scale: 0.23572009466761218
