original_size: (921, 735)
shift_x: -0.2953
shift_y: 0.5414
angle: 1.4309418814265475
scale: 0.25243855533156995
