original_size: (921, 735)
shift_x: -2.5669
shift_y: -1.6701
angle: -3.375224435999886
scale: 0.26139275422005576
