original_size: (921, 735)
shift_x: -2.5332
shift_y: 2.2901
angle: -4.921373107039855
scale: 0.2419499642207463
