original_size: (921, 735)
shift_x: -0.0371
shift_y: 2.3990
angle: -0.9373821141021317
scale: 0.22619706819264157
