original_size: (921, 735)
shift_x: -0.4052
shift_y: -1.8680
angle: 4.361402190346906
scale: 0.2583592713447724
