original_size: (921, 735)
shift_x: -2.9126
shift_y: -0.1797
angle: 2.0919629810275957
scale: 0.25113219431021155
