original_size: (921, 735)
shift_x: -1.0221
shift_y: -1.6388
angle: -0.07183116350391039
scale: 0.23422497275853943
