original_size: (921, 735)
shift_x: -2.5557
shift_y: -2.9095
angle: -1.1650051544363804
scale: 0.2650298291990491
