original_size: (921, 735)
shift_x: 0.4433
shift_y: -1.5209
angle: 4.443424647238217
scale: 0.25846763493472336
