original_size: (853, 640)
shift_x: -0.0159
shift_y: 1.0700
angle: 0.2812067299740022
scale: 0.24091854872923593
