original_size: (853, 640)
shift_x: -1.6154
shift_y: -2.6788
angle: 2.555720784174537
scale: 0.22839242357608297
