original_size: (853, 640)
shift_x: -2.4506
shift_y: -1.7689
angle: -3.543735438544786
scale: 0.2518662797821138
