original_size: (853, 640)
shift_x: 1.7365
shift_y: 2.1068
angle: -0.5478198583814979
scale: 0.2500697159339558
