original_size: (853, 640)
shift_x: 1.5623
shift_y: 1.9921
angle: 3.3689017701372777
scale: 0.22745760579136387
