original_size: (853, 640)
shift_x: -1.3269
shift_y: -2.0537
angle: 1.3862598654917022
scale: 0.2728798660162356
