original_size: (853, 640)
shift_x: 1.3232
shift_y: 1.1300
angle: 0.5781760803828009
scale: 0.24255254659997982
