original_size: (853, 640)
shift_x: 2.5231
shift_y: -1.1166
angle: -1.5815822120088785
scale: 0.24198800792433264
