original_size: (853, 640)
shift_x: -2.6300
shift_y: 1.5957
angle: -1.148758992723098
scale: 0.26577720732295507
