original_size: (853, 640)
shift_x: -2.7680
shift_y: 2.5229
angle: 0.5370704088680247
scale: 0.24398858091898618
