original_size: (626, 417)
shift_x: 0.6833
shift_y: -0.4440
angle: -2.3170267632312003
scale: 0.23703210517469123
