original_size: (626, 417)
shift_x: 1.7190
shift_y: -1.7529
angle: -0.5906317009904827
scale: 0.27406229719898195
