original_size: (626, 417)
shift_x: -2.8983
shift_y: -0.3208
angle: 0.610126874775121
scale: 0.26118334895002826
