original_size: (626, 417)
shift_x: 1.1218
shift_y: -0.4787
angle: 1.6189823211261594
scale: 0.25826310350360027
