original_size: (626, 417)
shift_x: -2.2101
shift_y: 0.2041
angle: 1.4496559457197966
scale: 0.24742683715607627
