original_size: (626, 417)
shift_x: -1.7010
shift_y: -1.4175
angle: 4.149158088695643
scale: 0.27189707212212705
