original_size: (626, 417)
shift_x: -2.9145
shift_y: 1.1814
angle: -0.584688317068176
scale: 0.2721305192311448
