original_size: (626, 417)
shift_x: -2.7662
shift_y: 1.5369
angle: -4.736498177406869
scale: 0.23264892098820245
