original_size: (626, 417)
shift_x: -1.1629
shift_y: 2.5298
angle: -3.101662639827164
scale: 0.2653180844311393
