original_size: (626, 417)
shift_x: -2.7640
shift_y: -1.7386
angle: -2.2369522427082735
scale: 0.26000543488574546
