original_size: (525, 735)
shift_x: 2.2753
shift_y: -0.3379
angle: -0.27080999506048276
scale: 0.27184064313748457
