original_size: (525, 735)
shift_x: -1.8790
shift_y: -1.7570
angle: 1.107660245237561
scale: 0.26367671878444
