original_size: (525, 735)
shift_x: -1.2332
shift_y: -1.0351
angle: -2.7817187152322953
scale: 0.25323828071921756
