original_size: (525, 735)
shift_x: -1.3811
shift_y: 0.0943
angle: -4.446105057919359
scale: 0.2723425546658877
