original_size: (525, 735)
shift_x: -2.1083
shift_y: 2.1280
angle: -3.5328805949596265
scale: 0.23309554151720188
