original_size: (525, 735)
shift_x: 0.1916
shift_y: 1.1047
angle: -1.7834647252722249
scale: 0.27128260464345
