original_size: (525, 735)
shift_x: -1.4943
shift_y: -1.6654
angle: 4.673858093109644
scale: 0.25788324816547137
