original_size: (525, 735)
shift_x: -1.0480
shift_y: -1.0067
angle: -2.160569995811421
scale: 0.2718612231985003
