original_size: (525, 735)
shift_x: -1.8915
shift_y: 2.8282
angle: 3.7039211062637545
scale: 0.2284251679598471
