original_size: (525, 735)
shift_x: 0.3551
shift_y: 2.0201
angle: -4.027010380567912
scale: 0.2653897827007579
