original_size: (1313, 736)
shift_x: 1.8483
shift_y: -0.3985
angle: -1.3185996140779546
scale: 0.23355135997784765
