original_size: (1313, 736)
shift_x: -2.8667
shift_y: 1.0199
angle: 2.84624394882254
scale: 0.24409768608475355
