original_size: (1313, 736)
shift_x: -1.4864
shift_y: -1.4323
angle: 4.064054285504303
scale: 0.23004901825071736
