original_size: (1313, 736)
shift_x: 0.4940
shift_y: -2.5279
angle: 4.72073694436947
scale: 0.2427149764985296
