original_size: (1313, 736)
shift_x: -1.9764
shift_y: -0.6312
angle: -1.6812902603204574
scale: 0.2558205713660546
