original_size: (1313, 736)
shift_x: 2.8848
shift_y: 2.0427
angle: 0.06016510757773119
scale: 0.2414297187014762
