original_size: (1313, 736)
shift_x: -0.3900
shift_y: 2.7199
angle: 2.9338108359421824
scale: 0.23418106062729427
