original_size: (1313, 736)
shift_x: 0.9362
shift_y: -1.7703
angle: 2.5786421566140136
scale: 0.23236302577231793
