original_size: (1313, 736)
shift_x: 1.0320
shift_y: -1.1612
angle: 0.7008955208835177
scale: 0.22685438937646432
