original_size: (1313, 736)
shift_x: 0.2017
shift_y: 1.2487
angle: -4.514342658334042
scale: 0.24321892894265199
