original_size: (900, 600)
shift_x: -1.6793
shift_y: 2.0662
angle: -1.501394786396213
scale: 0.2337264684336492
