original_size: (900, 600)
shift_x: 1.0610
shift_y: 2.6181
angle: 1.7520963410425168
scale: 0.27469383684360177
