original_size: (900, 600)
shift_x: -2.0759
shift_y: -1.1998
angle: 3.0545741293901543
scale: 0.22726331596794525
