original_size: (900, 600)
shift_x: 1.1685
shift_y: -0.9183
angle: -1.7803663938533743
scale: 0.25019837516896243
