original_size: (900, 600)
shift_x: -2.0016
shift_y: 1.2231
angle: 1.7378696389708743
scale: 0.25031271040540265
