original_size: (900, 600)
shift_x: -0.1643
shift_y: -1.0439
angle: 4.681530142027784
scale: 0.2723671697007852
