original_size: (900, 600)
shift_x: -1.6018
shift_y: -1.6784
angle: -3.521171503508592
scale: 0.23261890848974312
