original_size: (900, 600)
shift_x: 1.2917
shift_y: -1.3285
angle: -0.46043469483764987
scale: 0.2681111069887224
