original_size: (900, 600)
shift_x: 0.1223
shift_y: -0.6400
angle: -0.18505912288472093
scale: 0.27382227553770255
