original_size: (900, 600)
shift_x: 2.9626
shift_y: -2.2411
angle: -1.8654026672034698
scale: 0.26739865619356945
