original_size: (1111, 736)
shift_x: 2.6481
shift_y: -1.9517
angle: 4.912834233514957
scale: 0.25376101315356003
