original_size: (1111, 736)
shift_x: 1.6220
shift_y: -2.3278
angle: -1.6739716207791986
scale: 0.22834219717230633
