original_size: (1111, 736)
shift_x: -2.7527
shift_y: 1.6758
angle: -4.683641012763489
scale: 0.24644475398694998
