original_size: (1111, 736)
shift_x: 0.6846
shift_y: 0.3282
angle: 1.7200639376064961
scale: 0.23848940854855055
