original_size: (1111, 736)
shift_x: -1.4880
shift_y: 1.4608
angle: -2.6810189602424273
scale: 0.2307148057351708
