original_size: (1111, 736)
shift_x: -0.5922
shift_y: -2.8890
angle: -1.90310082976477
scale: 0.23851194822067065
