original_size: (1111, 736)
shift_x: 0.7929
shift_y: -2.5704
angle: 3.3877803699660536
scale: 0.23735636601675295
