original_size: (1111, 736)
shift_x: -2.3952
shift_y: -0.7745
angle: 2.4709483207804226
scale: 0.24327544515124616
