original_size: (1111, 736)
shift_x: 0.9166
shift_y: 2.9783
angle: 2.6149336786749444
scale: 0.24770425875167593
