original_size: (1111, 736)
shift_x: 0.1993
shift_y: -1.7585
angle: 3.3803004582062197
scale: 0.24641198012229734
