original_size: (736, 736)
shift_x: -1.0449
shift_y: 0.4837
angle: 1.9977931446077415
scale: 0.2576311852975809
