original_size: (736, 736)
shift_x: -1.3442
shift_y: 2.5959
angle: -3.5146586668670663
scale: 0.26221721088558125
