original_size: (736, 736)
shift_x: -0.4279
shift_y: 1.8388
angle: 1.5932246679813735
scale: 0.25999155074900304
