original_size: (736, 736)
shift_x: -2.5786
shift_y: -2.0793
angle: 0.3179115424946346
scale: 0.23361715798385882
