original_size: (736, 736)
shift_x: 1.7856
shift_y: -2.8640
angle: -0.41304755057775466
scale: 0.26001150890046854
