original_size: (736, 736)
shift_x: 1.8612
shift_y: -0.4762
angle: 0.5589321739446955
scale: 0.26469016516911437
