original_size: (736, 736)
shift_x: 2.6655
shift_y: 0.7863
angle: -3.2290247129993546
scale: 0.23908021046749056
