original_size: (736, 736)
shift_x: -0.7308
shift_y: -0.6109
angle: 3.4376382403995756
scale: 0.26649928186499766
