original_size: (736, 736)
shift_x: 0.2050
shift_y: -2.1505
angle: 1.606881353011743
scale: 0.2607294856241482
