original_size: (736, 736)
shift_x: 2.8266
shift_y: -2.2887
angle: 0.4638388619633851
scale: 0.22801454033045457
