original_size: (490, 735)
shift_x: -2.6626
shift_y: -1.2531
angle: -2.5333005541571496
scale: 0.23559733398378455
