original_size: (490, 735)
shift_x: 0.7234
shift_y: 0.4328
angle: 0.07074578269270848
scale: 0.225654852925489
