original_size: (490, 735)
shift_x: -0.2652
shift_y: -2.3793
angle: -3.2548691720129588
scale: 0.267018100971836
