original_size: (490, 735)
shift_x: -2.0400
shift_y: -1.3046
angle: -3.844614635366088
scale: 0.24364564248616305
