original_size: (490, 735)
shift_x: 2.1052
shift_y: -0.3664
angle: 4.499514729971631
scale: 0.261063543170608
