original_size: (490, 735)
shift_x: -1.6529
shift_y: 2.2804
angle: 2.942674818793707
scale: 0.2695604218487574
