original_size: (490, 735)
shift_x: -1.8349
shift_y: -2.3959
angle: 2.2909626052278167
scale: 0.2274386267148373
