original_size: (490, 735)
shift_x: 0.0123
shift_y: -1.2090
angle: -1.4804166756936366
scale: 0.241482329324078
