original_size: (490, 735)
shift_x: 1.3625
shift_y: 1.1589
angle: -4.419210025380403
scale: 0.2321891740919637
