original_size: (490, 735)
shift_x: -0.6106
shift_y: -0.0371
angle: -4.968312087568756
scale: 0.274373918370542
