original_size: (591, 474)
shift_x: 1.6182
shift_y: -1.0945
angle: -4.213357151278138
scale: 0.2703240679529918
