original_size: (591, 474)
shift_x: -0.3159
shift_y: -1.4209
angle: 3.2797633717383228
scale: 0.26109557959252616
