original_size: (591, 474)
shift_x: 2.1843
shift_y: -0.5946
angle: -0.1544738018801386
scale: 0.2255134308967356
