original_size: (591, 474)
shift_x: 1.1860
shift_y: -0.9064
angle: -3.9301761611777044
scale: 0.2503073843918933
