original_size: (591, 474)
shift_x: 2.7743
shift_y: -2.3665
angle: 2.7922434844583286
scale: 0.23648265512282515
