original_size: (591, 474)
shift_x: 2.5499
shift_y: -0.7243
angle: 4.281138938039309
scale: 0.2520256697378166
