original_size: (591, 474)
shift_x: -0.1635
shift_y: 0.6885
angle: 2.4936920279675814
scale: 0.2603829395773687
