original_size: (591, 474)
shift_x: 0.5400
shift_y: -0.2829
angle: 2.664993259523813
scale: 0.2577441805888593
