original_size: (591, 474)
shift_x: -2.7399
shift_y: 0.8947
angle: 0.8532607983098996
scale: 0.26428557841883427
