original_size: (591, 474)
shift_x: -0.4815
shift_y: 1.3406
angle: 4.425467263256085
scale: 0.2629187822496383
