original_size: (736, 736)
shift_x: 1.3642
shift_y: -2.9162
angle: 4.954087383452599
scale: 0.22706956279640308
