original_size: (736, 736)
shift_x: -1.2485
shift_y: 1.3891
angle: 0.4376799600635275
scale: 0.24475736186386898
