original_size: (736, 736)
shift_x: -0.8201
shift_y: -0.3629
angle: 1.4731757417953082
scale: 0.24678951999092702
