original_size: (736, 736)
shift_x: 1.7675
shift_y: -1.3778
angle: -4.205572791352355
scale: 0.25635739944818026
