original_size: (736, 736)
shift_x: 0.4396
shift_y: 0.6560
angle: -4.653611651449633
scale: 0.2284761411295091
