original_size: (736, 736)
shift_x: -1.7098
shift_y: -2.2339
angle: -4.7313706214575255
scale: 0.24266920003497
