original_size: (736, 736)
shift_x: -2.3713
shift_y: -1.0115
angle: 1.7808253003859935
scale: 0.24001282431831988
