original_size: (736, 736)
shift_x: -1.5911
shift_y: 0.3467
angle: 0.22413028699318271
scale: 0.2696003273079067
