original_size: (736, 736)
shift_x: -1.9772
shift_y: 2.9935
angle: -2.704909680309988
scale: 0.26234317624598663
