original_size: (736, 736)
shift_x: 0.1898
shift_y: 0.3102
angle: -0.5811723436538969
scale: 0.2514445685535824
