original_size: (981, 736)
shift_x: 2.6146
shift_y: 2.0401
angle: 4.086821266856161
scale: 0.22661345910961517
