original_size: (981, 736)
shift_x: -2.5856
shift_y: -1.9303
angle: 3.253615612765831
scale: 0.24461443337533947
