original_size: (981, 736)
shift_x: -0.7701
shift_y: 2.3502
angle: -2.063179856466162
scale: 0.24834640920839224
