original_size: (981, 736)
shift_x: -1.1175
shift_y: 2.9757
angle: 0.9482173303515351
scale: 0.2521168228163315
