original_size: (981, 736)
shift_x: -2.5446
shift_y: 1.2567
angle: 2.605842044695219
scale: 0.2641728767446909
