original_size: (981, 736)
shift_x: -1.6550
shift_y: -2.1963
angle: 0.2777395539336345
scale: 0.23212908479286984
