original_size: (981, 736)
shift_x: -2.0985
shift_y: -1.1363
angle: -2.4288904023621583
scale: 0.23804269087296304
