original_size: (981, 736)
shift_x: 0.2956
shift_y: 0.7815
angle: 1.295925603018592
scale: 0.2542611773408572
