original_size: (981, 736)
shift_x: -0.3998
shift_y: 2.9088
angle: -3.015881689586001
scale: 0.23170551915591975
