original_size: (981, 736)
shift_x: 2.8471
shift_y: -1.3720
angle: -4.823054919492858
scale: 0.24804912628859527
