original_size: (736, 736)
shift_x: -0.1902
shift_y: -0.7364
angle: 1.8509374749116283
scale: 0.27196322825811375
