original_size: (736, 736)
shift_x: -1.5706
shift_y: 2.7691
angle: 3.503856985271149
scale: 0.2335352717378226
