original_size: (736, 736)
shift_x: 2.9111
shift_y: 1.0227
angle: -4.653354429669422
scale: 0.2320414923507554
