original_size: (736, 736)
shift_x: -1.3268
shift_y: -0.4742
angle: 2.1090561672024055
scale: 0.23821986520607752
