original_size: (736, 736)
shift_x: -2.8509
shift_y: 1.5967
angle: -1.7892390463410335
scale: 0.26419989615617867
