original_size: (736, 736)
shift_x: -0.5569
shift_y: -1.0023
angle: -0.1617012555284596
scale: 0.2715142892063344
