original_size: (736, 736)
shift_x: 0.7030
shift_y: -1.0386
angle: 0.7122594466467245
scale: 0.25319750189938384
