original_size: (736, 736)
shift_x: 2.3706
shift_y: 0.1081
angle: 1.4203761362361629
scale: 0.22762160590853017
