original_size: (736, 736)
shift_x: -1.0681
shift_y: -2.3636
angle: -2.5088050794705987
scale: 0.27253548285713225
