original_size: (736, 736)
shift_x: -0.9075
shift_y: -1.6386
angle: -3.3271312050738633
scale: 0.25312450167622863
