original_size: (497, 634)
shift_x: -2.9868
shift_y: 2.1710
angle: -2.268385189064077
scale: 0.2597909764489478
