original_size: (497, 634)
shift_x: 1.9793
shift_y: 1.5432
angle: -2.709264291491531
scale: 0.2476264344191095
