original_size: (497, 634)
shift_x: 0.6658
shift_y: 2.5350
angle: 1.8441556578715268
scale: 0.2699702266925031
