original_size: (497, 634)
shift_x: 1.2892
shift_y: -0.9104
angle: 3.510791167391279
scale: 0.2619345553486711
