original_size: (497, 634)
shift_x: -0.1893
shift_y: -2.3436
angle: -2.05813160782647
scale: 0.2624932856252945
