original_size: (497, 634)
shift_x: -0.9007
shift_y: -1.0244
angle: -4.134198102318849
scale: 0.24748056560077744
