original_size: (497, 634)
shift_x: -1.2138
shift_y: -1.1909
angle: -4.347634034237262
scale: 0.2717819035019675
