original_size: (497, 634)
shift_x: -2.4628
shift_y: 0.5633
angle: -1.0458227426032032
scale: 0.2300818050344527
