original_size: (497, 634)
shift_x: 2.9561
shift_y: 2.8122
angle: -2.0798547131664167
scale: 0.23894515943563055
