original_size: (497, 634)
shift_x: 2.0387
shift_y: 1.5421
angle: -4.442601758292636
scale: 0.23373067866164293
