original_size: (591, 474)
shift_x: -0.4996
shift_y: 1.9322
angle: 1.1308324901419056
scale: 4.1874448126614086
