original_size: (591, 474)
shift_x: -2.7723
shift_y: 2.6992
angle: 1.451256029172825
scale: 0.2567599530308017
