original_size: (591, 474)
shift_x: -1.6929
shift_y: 0.2797
angle: 1.6506583100276284
scale: 0.22645431020612872
