original_size: (591, 474)
shift_x: 2.6292
shift_y: 2.3198
angle: 0.9167436658064121
scale: 0.2302522677884557
