original_size: (591, 474)
shift_x: 2.4613
shift_y: 1.9814
angle: 2.3434365838754996
scale: 0.26152662562443263
