original_size: (591, 474)
shift_x: 1.9129
shift_y: 0.0118
angle: -1.620645727644133
scale: 3.8336220677197415
