original_size: (591, 474)
shift_x: 1.9789
shift_y: -1.7256
angle: -2.848020456356065
scale: 0.23944771123075387
