original_size: (591, 474)
shift_x: -1.8507
shift_y: 2.0949
angle: 4.548923518350371
scale: 0.2605423304538177
