original_size: (591, 474)
shift_x: 1.1963
shift_y: 2.2704
angle: -0.10382414582301891
scale: 0.26082272291902875
