original_size: (591, 474)
shift_x: -0.0247
shift_y: 1.1944
angle: 3.1961808856998335
scale: 3.8625892844693595
