original_size: (591, 474)
shift_x: -1.4709
shift_y: 1.0199
angle: -4.902563430144026
scale: 0.25492848683077635
