original_size: (591, 474)
shift_x: 0.4914
shift_y: -2.3739
angle: -4.997810755243526
scale: 0.2437149305995802
