original_size: (591, 474)
shift_x: 1.8228
shift_y: 1.8465
angle: -2.1515356896098723
scale: 4.218989577276207
