original_size: (591, 474)
shift_x: 1.5960
shift_y: -2.8521
angle: 0.49987137909051516
scale: 4.324064938257035
