original_size: (591, 474)
shift_x: 2.6049
shift_y: 2.0481
angle: -3.5717247941891106
scale: 4.346613836478428
