original_size: (591, 474)
shift_x: -1.7100
shift_y: 0.3689
angle: 2.338553650437591
scale: 3.999489853002804
