original_size: (591, 474)
shift_x: 2.1800
shift_y: 1.6902
angle: 3.501869618309689
scale: 4.134478182417069
