original_size: (591, 474)
shift_x: -1.3448
shift_y: 2.0675
angle: -2.182988939857322
scale: 4.376778323247897
