original_size: (591, 474)
shift_x: -0.1586
shift_y: -0.7183
angle: -2.4851621070581764
scale: 0.2627715270147972
