original_size: (591, 474)
shift_x: -2.1231
shift_y: -2.1568
angle: -1.5710141825495008
scale: 4.186151837704625
