original_size: (736, 736)
shift_x: 1.8560
shift_y: -1.2293
angle: 0.5443659448756328
scale: 0.2630188467286836
