original_size: (736, 736)
shift_x: 0.5356
shift_y: 2.6439
angle: 1.6663515624689023
scale: 0.25320677407056946
