original_size: (736, 736)
shift_x: 1.1492
shift_y: 0.8961
angle: 3.9956249896227156
scale: 4.322426872059455
