original_size: (736, 736)
shift_x: 0.2494
shift_y: -2.2851
angle: -0.9601084861081768
scale: 3.6399686750007247
