original_size: (736, 736)
shift_x: 2.4073
shift_y: 0.0936
angle: -1.0718856275104995
scale: 0.26996869106238386
