original_size: (736, 736)
shift_x: 1.9468
shift_y: -1.4264
angle: 3.9443045162034895
scale: 0.27275051725550764
