original_size: (736, 736)
shift_x: 1.0749
shift_y: 2.7115
angle: 2.4288669426510623
scale: 3.61727675304146
