original_size: (736, 736)
shift_x: -2.3694
shift_y: 1.7070
angle: -2.8809912680610426
scale: 0.245470197240718
