original_size: (736, 736)
shift_x: -0.6496
shift_y: -2.7184
angle: 2.580348048159072
scale: 0.229654115519949
