original_size: (736, 736)
shift_x: -2.1880
shift_y: 1.9661
angle: -2.0699401287364463
scale: 0.22661814696840923
