original_size: (736, 736)
shift_x: -0.2700
shift_y: 1.7539
angle: -4.873636315904509
scale: 4.135008791006593
