original_size: (736, 736)
shift_x: -0.1508
shift_y: 0.7297
angle: 2.229051935171843
scale: 3.722318498052557
