original_size: (736, 736)
shift_x: -1.3645
shift_y: 0.1664
angle: -4.311529739715299
scale: 0.2616199057387798
