original_size: (736, 736)
shift_x: -1.5362
shift_y: -2.6848
angle: 1.9203033271799352
scale: 0.2544730427905498
