original_size: (736, 736)
shift_x: 0.9449
shift_y: -0.8681
angle: -1.0887948149880025
scale: 0.27409146860521655
