original_size: (736, 736)
shift_x: -1.8061
shift_y: 1.5661
angle: 0.6931585289172819
scale: 4.058181322413058
