original_size: (736, 736)
shift_x: -1.1432
shift_y: 2.0742
angle: -0.7137559876780477
scale: 3.7276190322028655
