original_size: (736, 736)
shift_x: -0.0172
shift_y: 1.2857
angle: -0.10786735192367125
scale: 4.2952379198084785
