original_size: (736, 736)
shift_x: -1.0440
shift_y: 1.1512
angle: -1.8089605574420284
scale: 4.224038359499551
