original_size: (736, 736)
shift_x: 0.8821
shift_y: 1.9405
angle: -0.5544322612995405
scale: 3.9061765924042793
