original_size: (981, 736)
shift_x: -1.6607
shift_y: 1.0017
angle: -4.930560075562253
scale: 0.24939689506899307
