original_size: (981, 736)
shift_x: 0.3760
shift_y: 2.3813
angle: -2.3526623808123794
scale: 0.2355451905336385
