original_size: (981, 736)
shift_x: -1.6593
shift_y: -1.6156
angle: 4.385381046336688
scale: 0.2540108302293912
