original_size: (981, 736)
shift_x: 2.7884
shift_y: -2.1944
angle: -4.287749139806284
scale: 0.2438079050752296
