original_size: (981, 736)
shift_x: 2.5021
shift_y: 0.4615
angle: -1.63908771367172
scale: 4.3123174070477495
