original_size: (981, 736)
shift_x: -1.4851
shift_y: -2.2620
angle: -3.7369203435569465
scale: 0.23605946866654423
