original_size: (981, 736)
shift_x: -2.2190
shift_y: 0.6877
angle: -2.8072139541662677
scale: 0.2708351029053207
