original_size: (981, 736)
shift_x: 0.9161
shift_y: 0.0441
angle: 3.289228061222463
scale: 0.2713403231791106
