original_size: (981, 736)
shift_x: 1.0023
shift_y: 1.7181
angle: 3.1754952301339436
scale: 0.26737870059824
