original_size: (981, 736)
shift_x: 2.2935
shift_y: 1.6951
angle: 4.334260022890087
scale: 4.1787913018950835
