original_size: (981, 736)
shift_x: -0.0079
shift_y: 0.2526
angle: 1.88077422112213
scale: 4.37705023550109
