original_size: (981, 736)
shift_x: -1.6171
shift_y: 1.6172
angle: 1.0568351775462093
scale: 4.199946649153144
