original_size: (981, 736)
shift_x: -2.8673
shift_y: -1.9866
angle: -0.38534842074828113
scale: 4.139453840593204
