original_size: (981, 736)
shift_x: -2.3114
shift_y: 0.2109
angle: -1.6593128072733156
scale: 4.169600299068843
