original_size: (981, 736)
shift_x: 2.4641
shift_y: 2.1713
angle: 0.5335506006803223
scale: 3.82771285209458
