original_size: (981, 736)
shift_x: 1.5582
shift_y: 0.4604
angle: -3.969737983111965
scale: 0.2539110688053069
