original_size: (981, 736)
shift_x: 0.1298
shift_y: 1.3707
angle: -0.5139500024718169
scale: 3.9974707867835355
