original_size: (981, 736)
shift_x: -1.8139
shift_y: -1.3183
angle: 4.417645913621904
scale: 0.24985127093630882
