original_size: (981, 736)
shift_x: 1.5432
shift_y: 2.0543
angle: -2.1313531575938125
scale: 3.9517533208533404
