original_size: (981, 736)
shift_x: 2.0762
shift_y: 0.0053
angle: -4.23829274188784
scale: 3.812777039648274
