original_size: (497, 634)
shift_x: -0.2486
shift_y: -2.0704
angle: -1.59819332635738
scale: 4.023734039830043
