original_size: (497, 634)
shift_x: 1.2662
shift_y: 1.8771
angle: -3.8351212813634596
scale: 4.203450351036626
