original_size: (497, 634)
shift_x: 0.0376
shift_y: 0.8140
angle: 2.085962438770358
scale: 0.27192133533954077
