original_size: (497, 634)
shift_x: 0.5336
shift_y: -0.5902
angle: -0.3653634256582414
scale: 4.120966227017602
