original_size: (497, 634)
shift_x: -2.8626
shift_y: 0.8420
angle: 4.3189066951440545
scale: 3.6052109532061594
