original_size: (497, 634)
shift_x: -2.3009
shift_y: -1.2712
angle: 2.1335051057073384
scale: 0.2578336896233468
