original_size: (497, 634)
shift_x: -0.0958
shift_y: -1.3184
angle: 2.253508735154762
scale: 0.23632826075018395
