original_size: (497, 634)
shift_x: 0.7469
shift_y: -0.7282
angle: 1.894157048809256
scale: 4.202737562683317
