original_size: (497, 634)
shift_x: -1.1635
shift_y: 2.7382
angle: -3.9263991132073595
scale: 4.339212520486934
