original_size: (497, 634)
shift_x: 1.1448
shift_y: -2.7658
angle: 1.5046935171000575
scale: 4.352575297619903
