original_size: (497, 634)
shift_x: 1.8707
shift_y: 2.8072
angle: -0.18073527767443753
scale: 3.9147441875360673
