original_size: (497, 634)
shift_x: -2.1322
shift_y: -1.8790
angle: -1.994487876553508
scale: 0.22760235373126447
