original_size: (497, 634)
shift_x: -1.0723
shift_y: -0.5692
angle: 1.8969140865737284
scale: 0.251636084476612
