original_size: (497, 634)
shift_x: -1.3012
shift_y: -1.9571
angle: -3.8333098227879536
scale: 0.23213705798022996
