original_size: (497, 634)
shift_x: -2.5287
shift_y: 1.3249
angle: -1.6105797936547162
scale: 0.25569191667149715
