original_size: (497, 634)
shift_x: 1.4311
shift_y: -2.6712
angle: 3.5132318669918856
scale: 0.26602941490235454
