original_size: (497, 634)
shift_x: -2.9850
shift_y: -0.1027
angle: -1.5304668711005833
scale: 0.2334680768547775
