original_size: (497, 634)
shift_x: 2.5986
shift_y: 2.1028
angle: -1.3837415292249435
scale: 3.714154230471911
