original_size: (497, 634)
shift_x: 2.1748
shift_y: -0.7544
angle: -2.182884465354248
scale: 0.23590524053553105
