original_size: (497, 634)
shift_x: -1.5908
shift_y: -1.0798
angle: 0.2773588923831891
scale: 4.09453884623031
