original_size: (981, 736)
shift_x: 0.3557
shift_y: 0.8335
angle: 2.33986341542961
scale: 0.5071166336616197
