original_size: (981, 736)
shift_x: 0.1461
shift_y: 0.2659
angle: -2.071107532860328
scale: 0.4883160127220851
