original_size: (981, 736)
shift_x: 0.1431
shift_y: -0.3657
angle: 2.0714130105398887
scale: 0.5369269528149185
