original_size: (981, 736)
shift_x: 0.2208
shift_y: -0.9489
angle: -2.5414687239639577
scale: 0.4858503578214621
