original_size: (981, 736)
shift_x: 0.0767
shift_y: -0.0223
angle: -0.16003857950916256
scale: 0.5055072204924362
