original_size: (981, 736)
shift_x: -0.0077
shift_y: -0.8444
angle: 2.793400570606658
scale: 0.48216056478580105
