original_size: (981, 736)
shift_x: -0.5764
shift_y: -0.5502
angle: -2.9200535563516783
scale: 0.46587390615395746
