original_size: (981, 736)
shift_x: -0.5911
shift_y: 0.7680
angle: -2.5451731430640723
scale: 0.5153501354334294
