original_size: (981, 736)
shift_x: -0.6697
shift_y: -0.7980
angle: 2.7568798992903503
scale: 0.5112708515635938
