original_size: (981, 736)
shift_x: 0.4951
shift_y: -0.4143
angle: 3.20724106720278
scale: 0.5336482854300901
