original_size: (981, 736)
shift_x: -0.5876
shift_y: -0.3259
angle: -2.0293033865687704
scale: 0.5374664306771643
