original_size: (981, 736)
shift_x: -0.9419
shift_y: 0.3327
angle: -4.040505857256109
scale: 0.49743730353350746
