original_size: (981, 736)
shift_x: -0.9173
shift_y: 0.2438
angle: -1.7636629773353962
scale: 0.47764309774475977
