original_size: (981, 736)
shift_x: -0.1006
shift_y: -0.2981
angle: -0.28944927695978606
scale: 0.48925263626582144
