original_size: (981, 736)
shift_x: -0.0240
shift_y: -0.8032
angle: -2.287345664721605
scale: 0.4978398237012638
