original_size: (981, 736)
shift_x: 0.6197
shift_y: 0.6333
angle: -3.628326595575003
scale: 0.48271687586469275
