original_size: (981, 736)
shift_x: 0.2695
shift_y: -0.4967
angle: -1.0135739747718842
scale: 0.5323555209794768
