original_size: (981, 736)
shift_x: -0.1021
shift_y: 0.1606
angle: 0.46422995312834914
scale: 0.5185133890733324
