original_size: (981, 736)
shift_x: -0.4387
shift_y: 0.2801
angle: 1.9205611431276477
scale: 0.5181592081700196
