original_size: (981, 736)
shift_x: 0.3756
shift_y: 0.7421
angle: -0.5316094217208427
scale: 0.5221568473770073
