original_size: (1309, 736)
shift_x: 0.0307
shift_y: 0.5559
angle: -2.118845839050741
scale: 0.4516639651552733
