original_size: (1309, 736)
shift_x: -0.3637
shift_y: 0.8577
angle: 0.33705804223125924
scale: 0.5394140136018312
