original_size: (1309, 736)
shift_x: -0.8934
shift_y: -0.6863
angle: 4.717868211137388
scale: 0.4983517985050212
