original_size: (1309, 736)
shift_x: -0.5270
shift_y: -0.4257
angle: -0.6341723849091636
scale: 0.49171864427624656
