original_size: (1309, 736)
shift_x: -0.6026
shift_y: -0.7881
angle: -3.7527655703666296
scale: 0.4922629764578448
