original_size: (1309, 736)
shift_x: 0.0701
shift_y: 0.8909
angle: -3.940020166666056
scale: 0.47055391382356626
