original_size: (1309, 736)
shift_x: 0.2428
shift_y: -0.4414
angle: 1.7400933284345443
scale: 0.47598868543448775
