original_size: (1309, 736)
shift_x: -0.0148
shift_y: 0.8580
angle: 2.9530306731186915
scale: 0.5091146782276021
