original_size: (1309, 736)
shift_x: 0.3133
shift_y: 0.9657
angle: -0.6194838031866636
scale: 0.46518839560095443
