original_size: (1309, 736)
shift_x: -0.6867
shift_y: -0.7192
angle: -4.833855620671967
scale: 0.4938411951290836
