original_size: (981, 736)
shift_x: -0.3251
shift_y: -0.4904
angle: -1.3145991510741926
scale: 0.5380877851816115
