original_size: (981, 736)
shift_x: 0.2525
shift_y: 0.1626
angle: 2.9134266331454803
scale: 0.5125679775456287
