original_size: (981, 736)
shift_x: 0.5566
shift_y: -0.0889
angle: -1.9840577479677455
scale: 0.4784238156686043
