original_size: (981, 736)
shift_x: -0.3594
shift_y: -0.7438
angle: 4.535623428314569
scale: 0.4855178985659704
