original_size: (981, 736)
shift_x: 0.3803
shift_y: 0.0735
angle: -1.8858040823057323
scale: 0.5251958080507706
