original_size: (981, 736)
shift_x: 0.6799
shift_y: 0.9817
angle: -4.141589127625842
scale: 0.47240990045565767
