original_size: (981, 736)
shift_x: -0.7486
shift_y: -0.7248
angle: 3.391453858394428
scale: 0.4768774910297229
