original_size: (981, 736)
shift_x: 0.8912
shift_y: 0.7971
angle: -0.7991005705232563
scale: 0.535357903381743
