original_size: (981, 736)
shift_x: -0.5965
shift_y: -0.3037
angle: -0.46948003673507177
scale: 0.48979437392927344
