original_size: (981, 736)
shift_x: -0.7740
shift_y: -0.0105
angle: -1.0830358814436836
scale: 0.5469543048510233
