original_size: (981, 736)
shift_x: -0.3068
shift_y: 0.1930
angle: 4.147836483485184
scale: 0.48591358428792036
