original_size: (981, 736)
shift_x: 0.4119
shift_y: 0.6853
angle: 0.32883120634309204
scale: 0.4532521578838733
