original_size: (981, 736)
shift_x: -0.7096
shift_y: -0.1265
angle: -4.6866968231235955
scale: 0.4707967400236372
