original_size: (981, 736)
shift_x: -0.8879
shift_y: 0.1961
angle: 3.235593462953771
scale: 0.5429212469445314
