original_size: (981, 736)
shift_x: 0.8586
shift_y: 0.7252
angle: -2.467432973575278
scale: 0.5402627636656396
