original_size: (981, 736)
shift_x: 0.0774
shift_y: -0.0091
angle: -4.9940506605968435
scale: 0.4800153397365827
