original_size: (981, 736)
shift_x: 0.9881
shift_y: 0.3925
angle: 1.9499987422999068
scale: 0.49777816097621946
