original_size: (981, 736)
shift_x: -0.2008
shift_y: 0.9335
angle: -2.5667170692843055
scale: 0.5042690927072506
