original_size: (981, 736)
shift_x: 0.7646
shift_y: -0.0184
angle: 3.63731410272848
scale: 0.520054412066218
