original_size: (981, 736)
shift_x: 0.9130
shift_y: -0.0245
angle: -1.501564882580111
scale: 0.5442682509866964
