original_size: (920, 736)
shift_x: -0.4035
shift_y: -0.2958
angle: -4.01198555212325
scale: 0.5146399612624553
