original_size: (920, 736)
shift_x: 0.7055
shift_y: -0.5139
angle: -2.690349233947255
scale: 0.5348942312115569
