original_size: (920, 736)
shift_x: -0.6239
shift_y: 0.0732
angle: -4.279729851115555
scale: 0.5133790185223428
