original_size: (920, 736)
shift_x: 0.1534
shift_y: -0.9772
angle: -1.4848434686417447
scale: 0.4799876930857029
