original_size: (920, 736)
shift_x: 0.1478
shift_y: 0.7476
angle: 0.2789822333503986
scale: 0.4807217810523606
