original_size: (920, 736)
shift_x: -0.8978
shift_y: 0.6998
angle: 0.9774494119029109
scale: 0.4584514705002087
