original_size: (920, 736)
shift_x: 0.9955
shift_y: -0.2482
angle: 3.4163939561887666
scale: 0.470579427604663
