original_size: (920, 736)
shift_x: 0.5869
shift_y: 0.5121
angle: -0.26338005639125406
scale: 0.5369490842325975
