original_size: (920, 736)
shift_x: -0.8770
shift_y: -0.4968
angle: -0.27465161741034017
scale: 0.5448765121599225
