original_size: (920, 736)
shift_x: -0.5901
shift_y: -0.7088
angle: -2.7212017969445004
scale: 0.544930199111287
