original_size: (1001, 736)
shift_x: -0.4326
shift_y: -0.5523
angle: -3.3350795289244086
scale: 0.49859201450376384
