original_size: (1001, 736)
shift_x: -0.3461
shift_y: -0.6792
angle: -4.027858032390219
scale: 0.46193185874620296
