original_size: (1001, 736)
shift_x: -0.3495
shift_y: -0.2790
angle: 0.33513131918395533
scale: 0.49534343569827005
