original_size: (1001, 736)
shift_x: 0.4509
shift_y: -0.5188
angle: -3.315631112263213
scale: 0.49905593682603555
