original_size: (1001, 736)
shift_x: 0.8520
shift_y: 0.1800
angle: -0.7238816404982549
scale: 0.5221341063310962
