original_size: (1001, 736)
shift_x: 0.6963
shift_y: 0.9801
angle: -3.2588652744962854
scale: 0.5042354691380735
