original_size: (1001, 736)
shift_x: 0.5232
shift_y: -0.2427
angle: 0.35728390793377685
scale: 0.5496602988497837
