original_size: (1001, 736)
shift_x: -0.8283
shift_y: 0.3654
angle: -1.6976127070987856
scale: 0.4654418646082608
