original_size: (1001, 736)
shift_x: -0.8262
shift_y: 0.6521
angle: -1.3267780665218645
scale: 0.5146693867771763
