original_size: (1001, 736)
shift_x: -0.8631
shift_y: 0.9952
angle: 3.2585022708277407
scale: 0.5301567058848575
