original_size: (800, 449)
shift_x: 0.1223
shift_y: 0.2400
angle: 0.8944174147099071
scale: 0.4940423218620611
