original_size: (800, 449)
shift_x: -0.5931
shift_y: -0.0604
angle: 4.209931915503164
scale: 0.5184513228315956
