original_size: (800, 449)
shift_x: -0.1643
shift_y: 0.8515
angle: -0.6617109688512981
scale: 0.5238895778647303
