original_size: (800, 449)
shift_x: 0.5671
shift_y: 0.8186
angle: 3.940603428657134
scale: 0.5411077114076298
