original_size: (800, 449)
shift_x: 0.1611
shift_y: 0.7393
angle: 4.106769857318316
scale: 0.47116670342849715
