original_size: (800, 449)
shift_x: -0.8123
shift_y: 0.8699
angle: -1.9936177391419752
scale: 0.48021509435782667
