original_size: (800, 449)
shift_x: 0.8582
shift_y: -0.0584
angle: 4.446900183581015
scale: 0.5097638353597425
