original_size: (800, 449)
shift_x: 0.1555
shift_y: 0.0557
angle: 3.9155718441716676
scale: 0.4767220568329143
