original_size: (800, 449)
shift_x: -0.1197
shift_y: -0.3473
angle: -1.8060666064379607
scale: 0.49197699510661225
