original_size: (800, 449)
shift_x: 0.5965
shift_y: 0.9694
angle: -4.621430924519702
scale: 0.4857167837332404
