original_size: (981, 736)
shift_x: 0.3749
shift_y: -0.0323
angle: 3.3295857864797735
scale: 0.5058896740022731
