original_size: (981, 736)
shift_x: 0.0750
shift_y: 0.5635
angle: 3.879419086898464
scale: 0.5120260917781573
