original_size: (981, 736)
shift_x: -0.1384
shift_y: 0.5623
angle: 1.5811901314370314
scale: 0.5244330186515936
