original_size: (981, 736)
shift_x: 0.3507
shift_y: -0.0353
angle: -3.9857143015795793
scale: 0.5076190909585725
