original_size: (981, 736)
shift_x: 0.2601
shift_y: -0.1472
angle: 4.41709411730773
scale: 0.4588254099932194
