original_size: (981, 736)
shift_x: 0.4070
shift_y: -0.7002
angle: 3.112898070104089
scale: 0.4781318133634646
