original_size: (981, 736)
shift_x: 0.1464
shift_y: 0.1427
angle: -2.8323808911571247
scale: 0.46748395856128344
