original_size: (981, 736)
shift_x: -0.2308
shift_y: -0.8605
angle: 3.1706133527821585
scale: 0.4509444308865174
