original_size: (981, 736)
shift_x: -0.6171
shift_y: 0.8456
angle: 0.8990486320589923
scale: 0.5016201458063447
