original_size: (981, 736)
shift_x: 0.4747
shift_y: -0.9093
angle: 2.8167500175193307
scale: 0.5343249943811696
