original_size: (1104, 736)
shift_x: -0.7602
shift_y: -0.0482
angle: 1.1967875934501464
scale: 0.47716291363697255
