original_size: (1104, 736)
shift_x: -0.3319
shift_y: 0.3265
angle: 1.7972110743391614
scale: 0.5328527952767573
