original_size: (1104, 736)
shift_x: -0.8254
shift_y: -0.5197
angle: 4.266322638885985
scale: 0.45276162170409945
