original_size: (1104, 736)
shift_x: 0.8670
shift_y: -0.5039
angle: 0.9429144852608609
scale: 0.4938464670326471
