original_size: (1104, 736)
shift_x: -0.4248
shift_y: -0.9784
angle: -0.09437160808594225
scale: 0.455632509675654
