original_size: (1104, 736)
shift_x: -0.1009
shift_y: -0.6857
angle: -0.5677961489478118
scale: 0.4699652787232881
