original_size: (1104, 736)
shift_x: -0.4250
shift_y: -0.7374
angle: 1.900327776168246
scale: 0.4981487209895163
