original_size: (1104, 736)
shift_x: 0.3585
shift_y: 0.7382
angle: 1.7321813224941902
scale: 0.549690133705534
