original_size: (1104, 736)
shift_x: 0.7096
shift_y: -0.0336
angle: 2.7047042037063402
scale: 0.5174295098264656
