original_size: (1104, 736)
shift_x: -0.5999
shift_y: -0.2828
angle: -3.464673010156946
scale: 0.537414685668338
