original_size: (981, 736)
shift_x: -0.6132
shift_y: -0.9497
angle: 0.21130971255760045
scale: 0.5352175913314331
