original_size: (981, 736)
shift_x: -0.1790
shift_y: 0.2644
angle: 0.5454835614506459
scale: 0.4604118926846425
