original_size: (981, 736)
shift_x: 0.1748
shift_y: 0.8916
angle: -3.2750449300290896
scale: 0.520044663736638
