original_size: (981, 736)
shift_x: 0.9454
shift_y: 0.6853
angle: -4.312938399827645
scale: 0.5021650173795533
