original_size: (981, 736)
shift_x: 0.5586
shift_y: 0.2939
angle: -2.2628949075488314
scale: 0.5345645955479785
