original_size: (981, 736)
shift_x: -0.9248
shift_y: 0.9391
angle: 0.13170687206394938
scale: 0.49264114776547613
