original_size: (981, 736)
shift_x: -0.5647
shift_y: 0.1680
angle: -0.7760216109857909
scale: 0.5205413706209646
