original_size: (981, 736)
shift_x: -0.5159
shift_y: 0.3841
angle: -0.5029748195737263
scale: 0.512358797146449
