original_size: (981, 736)
shift_x: -0.0744
shift_y: -0.5398
angle: -0.603567861163353
scale: 0.48853962522376376
