original_size: (981, 736)
shift_x: -0.9716
shift_y: -0.3466
angle: -1.3371204383154134
scale: 0.5069469775289077
