original_size: (1136, 640)
shift_x: -0.0419
shift_y: -0.0974
angle: -3.6551590291392944
scale: 0.548892975936931
