original_size: (1136, 640)
shift_x: 0.0745
shift_y: -0.2873
angle: 2.861528970330384
scale: 0.4858807670682354
