original_size: (1136, 640)
shift_x: -0.9313
shift_y: -0.6007
angle: -1.830933452349223
scale: 0.5313369256920915
