original_size: (1136, 640)
shift_x: -0.0081
shift_y: 0.4438
angle: -1.2184315239846155
scale: 0.4715815305618827
