original_size: (1136, 640)
shift_x: -0.8873
shift_y: -0.9836
angle: -3.3859840884937675
scale: 0.5124291304892507
