original_size: (1136, 640)
shift_x: -0.9514
shift_y: -0.4980
angle: -3.6026445186786074
scale: 0.5343150965347894
