original_size: (1136, 640)
shift_x: 0.5388
shift_y: -0.4400
angle: -4.636692364929715
scale: 0.4930056807838545
