original_size: (1136, 640)
shift_x: -0.3326
shift_y: -0.8170
angle: -0.9101124208585283
scale: 0.5028383620166607
