original_size: (1136, 640)
shift_x: 0.9392
shift_y: -0.7770
angle: 0.8052090262910507
scale: 0.51634318872187
