original_size: (1136, 640)
shift_x: 0.7144
shift_y: 0.6666
angle: 1.272371858813509
scale: 0.497168042724374
