original_size: (736, 736)
shift_x: -0.7435
shift_y: 0.5160
angle: 1.0381015925499977
scale: 0.5166376191439737
