original_size: (736, 736)
shift_x: 0.1399
shift_y: 0.7181
angle: 2.119520705821964
scale: 0.49333729242713176
