original_size: (736, 736)
shift_x: -0.5643
shift_y: -0.2220
angle: 2.3949388988769975
scale: 0.5112289064093835
