original_size: (736, 736)
shift_x: -0.8354
shift_y: 0.1525
angle: 0.2962304785571419
scale: 0.5475984589355307
