original_size: (736, 736)
shift_x: -0.6289
shift_y: -0.6048
angle: 2.737747353673826
scale: 0.5211202254425858
