original_size: (736, 736)
shift_x: -0.5275
shift_y: -0.2113
angle: 1.0891159134486461
scale: 0.5313470980203983
