original_size: (736, 736)
shift_x: -0.7313
shift_y: 0.8720
angle: -0.5746153752854033
scale: 0.5295612556575877
