original_size: (736, 736)
shift_x: 0.6870
shift_y: -0.6996
angle: -1.6130680861335458
scale: 0.521385456971347
