original_size: (736, 736)
shift_x: 0.9161
shift_y: -0.6655
angle: 4.352042483274113
scale: 0.46552125712417713
