original_size: (736, 736)
shift_x: 0.4970
shift_y: 0.8297
angle: -4.960487181162927
scale: 0.45672701776164604
