original_size: (920, 736)
shift_x: -0.6467
shift_y: 0.4395
angle: -2.656452554716436
scale: 0.5156790558964482
