original_size: (920, 736)
shift_x: -0.7046
shift_y: 0.4136
angle: -4.188119732622492
scale: 0.5073230550167944
