original_size: (920, 736)
shift_x: 0.9276
shift_y: -0.4961
angle: -0.9119303256159572
scale: 0.5122824688337061
