original_size: (920, 736)
shift_x: -0.5588
shift_y: 0.9995
angle: -1.0355627735587225
scale: 0.5487270806046386
