original_size: (920, 736)
shift_x: -0.9276
shift_y: -0.0817
angle: -1.9949262906629395
scale: 0.5294744479111549
