original_size: (920, 736)
shift_x: 0.0285
shift_y: 0.9964
angle: -4.0555142019570125
scale: 0.46088090568500834
