original_size: (920, 736)
shift_x: 0.2759
shift_y: 0.9063
angle: 0.47845375000727497
scale: 0.47076346055950086
