original_size: (920, 736)
shift_x: 0.2198
shift_y: 0.9737
angle: 1.0124724159431349
scale: 0.5329791638368144
