original_size: (920, 736)
shift_x: 0.8874
shift_y: -0.3898
angle: 3.2651605471867313
scale: 0.46834092447004794
