original_size: (920, 736)
shift_x: -0.8734
shift_y: -0.5262
angle: 2.146274202176759
scale: 0.4937923690396271
