original_size: (981, 736)
shift_x: 0.3417
shift_y: 0.0100
angle: 4.714325226149436
scale: 0.5279865078223125
