original_size: (981, 736)
shift_x: -0.5058
shift_y: 0.3472
angle: 4.483004471879946
scale: 0.49889709113268543
