original_size: (981, 736)
shift_x: -0.9350
shift_y: -0.3429
angle: 0.006159892711734116
scale: 0.46824177254611243
