original_size: (981, 736)
shift_x: 0.3308
shift_y: -0.4165
angle: 4.4582207945118135
scale: 0.5454310006739327
