original_size: (981, 736)
shift_x: 0.2418
shift_y: -0.5478
angle: 1.233609308937842
scale: 0.539224999638539
