original_size: (981, 736)
shift_x: -0.7337
shift_y: 0.4494
angle: -2.646650758961452
scale: 0.47594853201409476
