original_size: (981, 736)
shift_x: -0.6488
shift_y: 0.6680
angle: 1.394008227501108
scale: 0.5115119680044383
