original_size: (981, 736)
shift_x: 0.5620
shift_y: -0.5706
angle: -4.297181341992138
scale: 0.4864157323582319
