original_size: (981, 736)
shift_x: 0.5889
shift_y: 0.7991
angle: 0.19927881551874194
scale: 0.4823366125442987
