original_size: (981, 736)
shift_x: 0.8673
shift_y: -0.4602
angle: -1.0101633967584869
scale: 0.4802962026858345
