original_size: (552, 736)
shift_x: -0.2856
shift_y: 0.1536
angle: -4.757703126888456
scale: 0.4987014000484892
