original_size: (552, 736)
shift_x: -0.1928
shift_y: -0.3951
angle: 4.2990772111275
scale: 0.4591123175396391
