original_size: (552, 736)
shift_x: 0.3989
shift_y: 0.8299
angle: -2.61966448273529
scale: 0.4554968693825578
