original_size: (552, 736)
shift_x: 0.5848
shift_y: -0.1275
angle: -1.7709981548981455
scale: 0.5096880843216548
