original_size: (552, 736)
shift_x: -0.3430
shift_y: 0.1619
angle: -3.1042916061726533
scale: 0.4854790608640264
