original_size: (552, 736)
shift_x: 0.8689
shift_y: -0.2854
angle: -0.3558616778805268
scale: 0.5174845059183312
