original_size: (552, 736)
shift_x: 0.7716
shift_y: 0.0922
angle: -0.5365737071184071
scale: 0.49134608048472145
