original_size: (552, 736)
shift_x: -0.0658
shift_y: 0.7618
angle: -2.737269621131527
scale: 0.5163651221172143
