original_size: (552, 736)
shift_x: 0.7896
shift_y: -0.1516
angle: -3.038229740641251
scale: 0.472142269407376
