original_size: (552, 736)
shift_x: 0.0903
shift_y: 0.1464
angle: 4.8058262524375515
scale: 0.505225870350405
