original_size: (1308, 736)
shift_x: -0.1161
shift_y: -0.3792
angle: -1.034054091713025
scale: 0.4519370100297786
