original_size: (1308, 736)
shift_x: -0.1826
shift_y: 0.3193
angle: -2.2399002817397418
scale: 0.4832889272948495
