original_size: (1308, 736)
shift_x: -0.0239
shift_y: -0.1071
angle: 3.148202615845957
scale: 0.49157840869365493
