original_size: (1308, 736)
shift_x: -0.9490
shift_y: -0.0759
angle: -2.7262879811402785
scale: 0.5088512787447466
