original_size: (1308, 736)
shift_x: 0.5563
shift_y: 0.4021
angle: 2.3902266821274125
scale: 0.48258041922075123
