original_size: (1308, 736)
shift_x: 0.0951
shift_y: -0.2258
angle: 0.26190368729507263
scale: 0.5419688476461053
