original_size: (1308, 736)
shift_x: -0.5090
shift_y: 0.5036
angle: -2.502497288213903
scale: 0.5296851776946235
