original_size: (1308, 736)
shift_x: -0.7602
shift_y: -0.9537
angle: -1.8711390169852047
scale: 0.4844242018053834
