original_size: (1308, 736)
shift_x: -0.2097
shift_y: -0.6826
angle: -4.056301567379938
scale: 0.537401344144436
