original_size: (1308, 736)
shift_x: -0.1534
shift_y: -0.1733
angle: -2.887074593218543
scale: 0.4627138221353515
