original_size: (1104, 736)
shift_x: 0.8277
shift_y: 0.6217
angle: -2.7330550097425013
scale: 0.544731018084556
