original_size: (1104, 736)
shift_x: 0.6387
shift_y: -0.7507
angle: 0.22637902209039495
scale: 0.5427621894528166
