original_size: (1104, 736)
shift_x: -0.4289
shift_y: 0.5181
angle: 2.6606672381555665
scale: 0.467340203830639
