original_size: (1104, 736)
shift_x: 0.2205
shift_y: 0.3633
angle: 3.573645631608546
scale: 0.46276661540621866
