original_size: (1104, 736)
shift_x: 0.8185
shift_y: 0.8795
angle: 0.3582477657478602
scale: 0.508999082229492
