original_size: (1104, 736)
shift_x: 0.1029
shift_y: -0.4838
angle: -0.7771028005995397
scale: 0.4572944360801739
