original_size: (1104, 736)
shift_x: -0.7391
shift_y: -0.2312
angle: -0.08272483919720308
scale: 0.5372256824621848
