original_size: (1104, 736)
shift_x: -0.9266
shift_y: -0.8779
angle: -0.6848796733381874
scale: 0.5476544431306275
