original_size: (1104, 736)
shift_x: 0.7633
shift_y: 0.3742
angle: -2.180563159757287
scale: 0.5179216601785384
