original_size: (1104, 736)
shift_x: 0.7184
shift_y: 0.0998
angle: -1.444253891789864
scale: 0.5466509992339615
