original_size: (918, 736)
shift_x: -0.0083
shift_y: -0.2837
angle: -1.3843271130416412
scale: 0.5191697062129701
