original_size: (918, 736)
shift_x: -0.2724
shift_y: 0.9187
angle: -1.6245458582756669
scale: 0.47367625259888463
