original_size: (918, 736)
shift_x: -0.7038
shift_y: -0.0862
angle: 1.3399129269028336
scale: 0.45647049120554517
