original_size: (918, 736)
shift_x: -0.0691
shift_y: -0.1154
angle: -3.617246759565933
scale: 0.45571136246009647
