original_size: (918, 736)
shift_x: 0.9767
shift_y: -0.5331
angle: 0.6161768553120419
scale: 0.5447881214916209
