original_size: (918, 736)
shift_x: -0.6386
shift_y: 0.0675
angle: 3.8082859183498403
scale: 0.5459358371923373
