original_size: (918, 736)
shift_x: -0.7595
shift_y: -0.9259
angle: 2.3490764164884137
scale: 0.5009852707988359
