original_size: (918, 736)
shift_x: -0.6262
shift_y: 0.5539
angle: -2.5160890012446657
scale: 0.5442603835012468
