original_size: (918, 736)
shift_x: -0.0850
shift_y: -0.3958
angle: -3.9747220927174265
scale: 0.5196531907387494
