original_size: (918, 736)
shift_x: -0.8966
shift_y: -0.9764
angle: -4.732666591116748
scale: 0.5404900256091846
