original_size: (720, 480)
shift_x: 0.7433
shift_y: -0.7593
angle: 2.885658421816956
scale: 0.5490092389311035
