original_size: (720, 480)
shift_x: -0.4734
shift_y: -0.8780
angle: -4.14334363927439
scale: 0.4788506922355241
