original_size: (720, 480)
shift_x: 0.6703
shift_y: -0.9216
angle: 1.1742185587490024
scale: 0.4751547868839595
