original_size: (720, 480)
shift_x: 0.5327
shift_y: -0.6332
angle: 3.003603861616236
scale: 0.49228018507435106
