original_size: (720, 480)
shift_x: 0.5418
shift_y: -0.9960
angle: 0.6083802657862947
scale: 0.5449913850575592
