original_size: (720, 480)
shift_x: 0.7667
shift_y: -0.2762
angle: -3.1049796065069923
scale: 0.46269029707530784
