original_size: (720, 480)
shift_x: -0.5239
shift_y: 0.6543
angle: -3.752875114764722
scale: 0.4626540513583747
