original_size: (720, 480)
shift_x: 0.6033
shift_y: -0.0786
angle: 1.6753401984574783
scale: 0.5251776902989402
