original_size: (720, 480)
shift_x: -0.2879
shift_y: -0.2354
angle: 2.9580658943009563
scale: 0.5411926644788116
