original_size: (720, 480)
shift_x: 0.9134
shift_y: 0.5027
angle: 1.396949506639304
scale: 0.4558603785517545
