original_size: (600, 390)
shift_x: 0.0048
shift_y: -0.0177
angle: 3.241396883997812
scale: 0.4839560673768951
