original_size: (600, 390)
shift_x: -0.4865
shift_y: -0.8191
angle: 4.4839820827256425
scale: 0.4928869905597032
