original_size: (600, 390)
shift_x: -0.1327
shift_y: 0.2534
angle: -3.9432297262100144
scale: 0.5049610196789972
