original_size: (600, 390)
shift_x: 0.6524
shift_y: 0.8695
angle: -1.3763114354204165
scale: 0.5268986177292051
