original_size: (600, 390)
shift_x: -0.2581
shift_y: -0.0305
angle: -2.4835782382981075
scale: 0.5087981850009764
