original_size: (600, 390)
shift_x: -0.6692
shift_y: 0.5722
angle: 0.2796941757179834
scale: 0.5199751224870321
