original_size: (600, 390)
shift_x: -0.5527
shift_y: -0.2919
angle: -1.9423724969434888
scale: 0.5136881625808868
