original_size: (600, 390)
shift_x: 0.7789
shift_y: 0.4444
angle: 4.37362897131581
scale: 0.5203373428613154
