original_size: (600, 390)
shift_x: 0.7051
shift_y: 0.5170
angle: 0.5491727532555633
scale: 0.5378363377285004
