original_size: (600, 390)
shift_x: -0.1617
shift_y: -0.9730
angle: -3.8778132285367173
scale: 0.5275161105821193
