original_size: (981, 736)
shift_x: 0.1608
shift_y: -0.6905
angle: -0.1853461373049985
scale: 0.5109909772500879
