original_size: (981, 736)
shift_x: 0.2748
shift_y: -0.9122
angle: -0.6056811706446288
scale: 0.45588921990357867
