original_size: (981, 736)
shift_x: -0.0046
shift_y: 0.7130
angle: 1.7467798723417296
scale: 0.5282467150002729
