original_size: (981, 736)
shift_x: 0.2035
shift_y: 0.2792
angle: 2.3843842293335005
scale: 0.4805018329843402
