original_size: (981, 736)
shift_x: -0.4349
shift_y: 0.6688
angle: 3.661307839382511
scale: 0.4859180112828193
