original_size: (981, 736)
shift_x: 0.4198
shift_y: 0.8558
angle: -2.7947227004101194
scale: 0.5277858999223787
