original_size: (981, 736)
shift_x: 0.0972
shift_y: 0.6750
angle: 0.004066367779499203
scale: 0.46044424501523695
