original_size: (981, 736)
shift_x: 0.2751
shift_y: 0.0096
angle: -2.891907241766164
scale: 0.5498308510942308
