original_size: (981, 736)
shift_x: -0.0715
shift_y: 0.1996
angle: 0.6226069930108116
scale: 0.5415993386292637
