original_size: (981, 736)
shift_x: 0.8426
shift_y: 0.7576
angle: 2.1869998152569625
scale: 0.5131174516965296
