original_size: (981, 736)
shift_x: 0.3463
shift_y: 0.1203
angle: -3.971523470120454
scale: 0.46609903586369994
