original_size: (981, 736)
shift_x: -0.4914
shift_y: 0.3758
angle: 0.13054896552632123
scale: 0.5114966242893091
