original_size: (981, 736)
shift_x: -0.0584
shift_y: -0.6763
angle: -3.3083923250644287
scale: 0.4922877142729274
