original_size: (981, 736)
shift_x: 0.9919
shift_y: -0.0683
angle: 3.50378980343023
scale: 0.46387157963619374
