original_size: (981, 736)
shift_x: 0.3463
shift_y: 0.2672
angle: -4.548643064101508
scale: 0.5333711543131491
