original_size: (981, 736)
shift_x: 0.0217
shift_y: -0.8937
angle: 3.230087256137219
scale: 0.46613029198320005
