original_size: (981, 736)
shift_x: -0.5028
shift_y: 0.4970
angle: 4.246902669059347
scale: 0.4944388756149715
