original_size: (981, 736)
shift_x: 0.1396
shift_y: 0.5567
angle: 3.1479104800952182
scale: 0.4952280671164451
