original_size: (981, 736)
shift_x: -0.3209
shift_y: -0.2152
angle: -1.3437159304608484
scale: 0.4765303067904946
