original_size: (981, 736)
shift_x: -0.4363
shift_y: -0.1672
angle: -1.0738765682126061
scale: 0.49739775850005524
