original_size: (875, 700)
shift_x: -0.4893
shift_y: 0.9912
angle: 3.027919726707621
scale: 0.47852921046701535
