original_size: (875, 700)
shift_x: -0.5605
shift_y: -0.7502
angle: -1.228746846700325
scale: 0.49472307735220156
