original_size: (875, 700)
shift_x: -0.5687
shift_y: 0.2958
angle: 2.0408380407930924
scale: 0.5032655443722714
