original_size: (875, 700)
shift_x: 0.5304
shift_y: -0.3319
angle: 0.510424597862194
scale: 0.5354614910702999
