original_size: (875, 700)
shift_x: 0.7730
shift_y: 0.9871
angle: 2.8891557392572196
scale: 0.46981481612991455
