original_size: (875, 700)
shift_x: -0.8109
shift_y: 0.3328
angle: -3.284953992950669
scale: 0.49911176635277626
