original_size: (875, 700)
shift_x: -0.8593
shift_y: -0.7769
angle: -2.7930222964207885
scale: 0.549173676520734
