original_size: (875, 700)
shift_x: 0.7334
shift_y: -0.3621
angle: -0.022221290963885032
scale: 0.5403972393601577
