original_size: (875, 700)
shift_x: -0.8691
shift_y: 0.9029
angle: -1.5552872833493692
scale: 0.5298358424738907
