original_size: (875, 700)
shift_x: -0.1477
shift_y: 0.9336
angle: -2.437912057227347
scale: 0.5046894526557201
