original_size: (1104, 736)
shift_x: 0.5629
shift_y: 0.4436
angle: 3.3597577208935796
scale: 0.5033769785561732
