original_size: (1104, 736)
shift_x: -0.9456
shift_y: 0.8807
angle: -2.592867206031361
scale: 0.4651955750915104
