original_size: (1104, 736)
shift_x: -0.3889
shift_y: 0.6675
angle: -2.381394060596549
scale: 0.4865408120992272
