original_size: (1104, 736)
shift_x: -0.4480
shift_y: 0.1096
angle: 0.5535330912736249
scale: 0.5202381401419532
