original_size: (1104, 736)
shift_x: -0.4323
shift_y: -0.5789
angle: -3.091353522747994
scale: 0.4583460897622483
