original_size: (1104, 736)
shift_x: -0.6025
shift_y: 0.0015
angle: 2.2083846679347507
scale: 0.4663974225534967
