original_size: (1104, 736)
shift_x: 0.3739
shift_y: -0.9107
angle: -1.5389772548770821
scale: 0.450626013614471
