original_size: (1104, 736)
shift_x: 0.3122
shift_y: -0.9737
angle: 4.12181125460757
scale: 0.45079956548280514
