original_size: (1104, 736)
shift_x: 0.0230
shift_y: 0.1977
angle: -2.2186810663801593
scale: 0.48325080469318804
