original_size: (1104, 736)
shift_x: 0.9953
shift_y: 0.9711
angle: -3.979316887605646
scale: 0.5128349494268314
