original_size: (981, 736)
shift_x: -0.0871
shift_y: -0.8472
angle: 3.631588132712128
scale: 0.5144205290488304
