original_size: (981, 736)
shift_x: 0.3420
shift_y: 0.0073
angle: -4.390610148736139
scale: 0.5133099307319939
