original_size: (981, 736)
shift_x: -0.5665
shift_y: -0.1867
angle: 2.1954364633181687
scale: 0.45235310639229087
