original_size: (981, 736)
shift_x: -0.6121
shift_y: 0.8880
angle: -3.093618771832023
scale: 0.5214364868110478
