original_size: (981, 736)
shift_x: 0.0070
shift_y: -0.6054
angle: 2.4872817770094873
scale: 0.5478048201323094
