original_size: (981, 736)
shift_x: 0.9554
shift_y: -0.8154
angle: 1.5750492175094353
scale: 0.5357195173152518
