original_size: (981, 736)
shift_x: -0.6212
shift_y: -0.3664
angle: 3.059481199382887
scale: 0.4820886076527705
