original_size: (981, 736)
shift_x: -0.1938
shift_y: 0.9855
angle: 4.868509045788512
scale: 0.5227504943663492
