original_size: (981, 736)
shift_x: 0.3853
shift_y: -0.2437
angle: -1.0756427827338175
scale: 0.5377880077035345
