original_size: (981, 736)
shift_x: -0.7987
shift_y: -0.3351
angle: 0.8892389913693428
scale: 0.5070128333893844
