original_size: (1103, 736)
shift_x: 0.3438
shift_y: 0.2517
angle: -4.47792561683041
scale: 0.45504263094305536
