original_size: (1103, 736)
shift_x: 0.9196
shift_y: -0.1776
angle: -4.02413561399984
scale: 0.5495927620581259
