original_size: (1103, 736)
shift_x: -0.5514
shift_y: -0.5755
angle: 4.5504195878769025
scale: 0.4961224112465133
