original_size: (1103, 736)
shift_x: -0.2152
shift_y: -0.4064
angle: -1.1849830170975215
scale: 0.5485523274372174
