original_size: (1103, 736)
shift_x: 0.4309
shift_y: 0.3093
angle: 2.8306884986556105
scale: 0.4527769318485121
