original_size: (1103, 736)
shift_x: 0.4047
shift_y: -0.1100
angle: -1.4628918748721533
scale: 0.5318492095420847
