original_size: (1103, 736)
shift_x: 0.7200
shift_y: 0.9279
angle: -1.141397126184236
scale: 0.5422048509915615
