original_size: (1103, 736)
shift_x: -0.1249
shift_y: 0.0371
angle: 3.3098154876913757
scale: 0.4797347042329812
