original_size: (1103, 736)
shift_x: -0.9563
shift_y: -0.9517
angle: -4.269729464927653
scale: 0.4750835062008501
