original_size: (1103, 736)
shift_x: -0.1931
shift_y: -0.4786
angle: -2.293978823346834
scale: 0.5040823617377157
