original_size: (915, 736)
shift_x: 0.4625
shift_y: -0.4672
angle: 1.080075106463811
scale: 0.45025465787554786
