original_size: (915, 736)
shift_x: -0.1011
shift_y: -0.7501
angle: 1.0002348701236556
scale: 0.5021348433899461
