original_size: (915, 736)
shift_x: 0.9424
shift_y: 0.3503
angle: -3.589860261265673
scale: 0.4899582895109248
