original_size: (915, 736)
shift_x: 0.3176
shift_y: 0.5284
angle: 4.475011089377238
scale: 0.46133900001572536
