original_size: (915, 736)
shift_x: -0.5672
shift_y: -0.0450
angle: 3.194723380406515
scale: 0.5049693252852857
