original_size: (915, 736)
shift_x: -0.6210
shift_y: -0.5070
angle: -0.518224783050881
scale: 0.5086960305536379
