original_size: (915, 736)
shift_x: 0.3369
shift_y: -0.1629
angle: 4.78204470634263
scale: 0.46352467252190643
