original_size: (915, 736)
shift_x: -0.7015
shift_y: 0.0358
angle: -1.0261404968852093
scale: 0.5227150244778945
