original_size: (915, 736)
shift_x: -0.0008
shift_y: -0.9114
angle: 1.1790205940033331
scale: 0.5297471461265966
