original_size: (915, 736)
shift_x: -0.5223
shift_y: -0.3098
angle: -2.16062985060695
scale: 0.48701766888744874
