original_size: (920, 736)
shift_x: 0.5725
shift_y: 0.2365
angle: 3.876866448826629
scale: 0.4607969906858657
