original_size: (920, 736)
shift_x: -0.1265
shift_y: -0.4042
angle: -4.441899734496763
scale: 0.5395827576268118
