original_size: (920, 736)
shift_x: 0.8549
shift_y: 0.8244
angle: -4.431626760712839
scale: 0.47778261941192346
