original_size: (920, 736)
shift_x: 0.2297
shift_y: -0.6606
angle: 1.950159680752046
scale: 0.49865081366540104
