original_size: (920, 736)
shift_x: 0.7820
shift_y: 0.1805
angle: -0.24179835229595348
scale: 0.5401284756538121
