original_size: (920, 736)
shift_x: -0.3571
shift_y: -0.2978
angle: -2.1542767482602185
scale: 0.46176825503494
