original_size: (920, 736)
shift_x: 0.2185
shift_y: -0.6432
angle: -3.9448961489788914
scale: 0.5245998997314463
