original_size: (920, 736)
shift_x: 0.5164
shift_y: -0.1060
angle: 4.4633880533163115
scale: 0.5406475630752077
