original_size: (920, 736)
shift_x: 0.2488
shift_y: 0.4346
angle: -0.18798700360263343
scale: 0.5491785627747158
