original_size: (920, 736)
shift_x: -0.4863
shift_y: -0.3402
angle: -3.9304671279859993
scale: 0.49307566198466996
