original_size: (604, 486)
shift_x: 0.3108
shift_y: 0.4258
angle: -1.3456796508133073
scale: 0.48554574242077686
