original_size: (604, 486)
shift_x: 0.1670
shift_y: 0.4746
angle: -4.938959734760662
scale: 0.5089401437436833
