original_size: (604, 486)
shift_x: -0.4928
shift_y: 0.5940
angle: 4.939515380644293
scale: 0.5011856494510217
