original_size: (604, 486)
shift_x: 0.2072
shift_y: -0.9959
angle: -4.490026245828364
scale: 0.4868341106039776
