original_size: (604, 486)
shift_x: 0.7261
shift_y: 0.1371
angle: 4.167412823206881
scale: 0.46975875820469165
