original_size: (604, 486)
shift_x: 0.5586
shift_y: 0.9187
angle: -3.376819797926988
scale: 0.48909189724321295
