original_size: (604, 486)
shift_x: 0.5664
shift_y: -0.8649
angle: 4.22637555079559
scale: 0.5056808615410855
