original_size: (604, 486)
shift_x: 0.0937
shift_y: -0.7340
angle: 4.751240956875112
scale: 0.48142665917688615
