original_size: (604, 486)
shift_x: 0.1791
shift_y: -0.5304
angle: -1.5030644217989808
scale: 0.49820043848400775
