original_size: (604, 486)
shift_x: -0.0822
shift_y: -0.9706
angle: -3.516464188270355
scale: 0.4774458353273076
