original_size: (450, 600)
shift_x: -0.0059
shift_y: -0.9151
angle: -0.47779804415458393
scale: 0.4794980745565852
