original_size: (450, 600)
shift_x: -0.8772
shift_y: 0.4050
angle: 1.00790550500437
scale: 0.4627979732910848
