original_size: (450, 600)
shift_x: 0.9937
shift_y: -0.8041
angle: -1.363756609058755
scale: 0.5477395593054615
