original_size: (450, 600)
shift_x: 0.1038
shift_y: -0.7824
angle: 2.184965327223427
scale: 0.47261675943559445
