original_size: (450, 600)
shift_x: 0.3842
shift_y: -0.8368
angle: 3.6492928237173903
scale: 0.5308750449563904
