original_size: (450, 600)
shift_x: -0.9219
shift_y: -0.8164
angle: -0.537652624755439
scale: 0.5175678592706014
