original_size: (450, 600)
shift_x: -0.5726
shift_y: -0.0211
angle: -4.99855639484374
scale: 0.5112894374825466
