original_size: (450, 600)
shift_x: -0.8775
shift_y: 0.9588
angle: -4.106509967090769
scale: 0.4710580805727921
