original_size: (450, 600)
shift_x: -0.2334
shift_y: -0.1185
angle: 4.953397730071384
scale: 0.4671016544039971
