original_size: (450, 600)
shift_x: -0.1727
shift_y: -0.8786
angle: -1.6516181989289738
scale: 0.4535179815203241
