original_size: (981, 736)
shift_x: -0.9294
shift_y: -0.4237
angle: -2.6978284343589696
scale: 0.5124440611625183
