original_size: (981, 736)
shift_x: 0.9539
shift_y: 0.8702
angle: 2.0263172600664756
scale: 0.4788660944961074
