original_size: (981, 736)
shift_x: -0.6075
shift_y: -0.5708
angle: -0.12621757439217518
scale: 0.5162429846450295
