original_size: (981, 736)
shift_x: -0.2850
shift_y: 0.4367
angle: -4.1111811925005455
scale: 0.4909716672008543
