original_size: (981, 736)
shift_x: 0.1014
shift_y: 0.0723
angle: 2.0142326723506354
scale: 0.47652522192265745
