original_size: (981, 736)
shift_x: -0.9772
shift_y: -0.7681
angle: -1.7466411499042334
scale: 0.48396929284429985
