original_size: (981, 736)
shift_x: 0.7354
shift_y: 0.8054
angle: 2.9416172689701936
scale: 0.4909010835718386
