original_size: (981, 736)
shift_x: 0.7078
shift_y: -0.6666
angle: 1.5346082300907575
scale: 0.5098154415352504
