original_size: (981, 736)
shift_x: 0.5559
shift_y: -0.5884
angle: -0.8438572164181437
scale: 0.5039775109967727
