original_size: (981, 736)
shift_x: 0.7754
shift_y: -0.2425
angle: -4.621703835625603
scale: 0.4863396642135643
