original_size: (1308, 736)
shift_x: -0.2306
shift_y: -0.5105
angle: -2.3521743188659694
scale: 0.4962832036731486
