original_size: (1308, 736)
shift_x: 0.0956
shift_y: 0.8447
angle: 3.557479059071193
scale: 0.4858347661129333
