original_size: (1308, 736)
shift_x: -0.3999
shift_y: 0.8975
angle: -2.3104490172141223
scale: 0.49103015737337524
