original_size: (1308, 736)
shift_x: 0.6848
shift_y: -0.5944
angle: 1.8880288580040627
scale: 0.5220255898748041
