original_size: (1308, 736)
shift_x: 0.6747
shift_y: 0.0945
angle: -3.644203802241411
scale: 0.5284772112677731
