original_size: (1308, 736)
shift_x: -0.1178
shift_y: 0.6126
angle: -4.771188732897404
scale: 0.5317367499500864
