original_size: (1308, 736)
shift_x: -0.2531
shift_y: -0.4091
angle: -3.378890183664909
scale: 0.539675330063514
