original_size: (1308, 736)
shift_x: 0.9761
shift_y: -0.7308
angle: -0.5867462778294303
scale: 0.46693932914129155
