original_size: (1308, 736)
shift_x: -0.8066
shift_y: -0.7613
angle: 3.1732212911669233
scale: 0.46933511064654576
