original_size: (1308, 736)
shift_x: 0.7932
shift_y: -0.3240
angle: -1.7253890960057108
scale: 0.5130484687578689
