original_size: (468, 375)
shift_x: 0.2894
shift_y: -0.3947
angle: 2.066099864454224
scale: 0.4970904609041249
