original_size: (468, 375)
shift_x: 0.3527
shift_y: 0.4735
angle: -3.217915984847698
scale: 0.5210633561122145
