original_size: (468, 375)
shift_x: -0.7577
shift_y: 0.6601
angle: -3.9104759362909878
scale: 0.5442535584823452
