original_size: (468, 375)
shift_x: -0.8987
shift_y: 0.8823
angle: -0.11894345382139981
scale: 0.4930147477285518
