original_size: (468, 375)
shift_x: 0.5442
shift_y: 0.8785
angle: -1.8804693525854308
scale: 0.4832560000669358
