original_size: (468, 375)
shift_x: 0.3068
shift_y: -0.1338
angle: 1.4264204535882588
scale: 0.5380222257520757
