original_size: (468, 375)
shift_x: -0.9887
shift_y: 0.2063
angle: 4.476156698559114
scale: 0.533000903887819
