original_size: (468, 375)
shift_x: 0.9637
shift_y: 0.1727
angle: -1.228261326163337
scale: 0.5085069011412491
