original_size: (468, 375)
shift_x: -0.6854
shift_y: -0.2994
angle: -4.594827688837774
scale: 0.5127200953783635
