original_size: (468, 375)
shift_x: 0.3649
shift_y: -0.0783
angle: -4.339663007294749
scale: 0.5422713506811956
