original_size: (920, 736)
shift_x: -0.0479
shift_y: -0.8739
angle: 4.2741162811755125
scale: 0.5278402427968364
