original_size: (920, 736)
shift_x: -0.5884
shift_y: 0.4483
angle: 2.900642061809659
scale: 0.5435391941349031
