original_size: (920, 736)
shift_x: 0.8501
shift_y: 0.2966
angle: -1.30299650462283
scale: 0.5320778841330884
