original_size: (920, 736)
shift_x: 0.8403
shift_y: 0.7107
angle: 3.8948817102332907
scale: 0.5264437194697853
