original_size: (920, 736)
shift_x: 0.9490
shift_y: -0.3681
angle: -1.5791980210899759
scale: 0.5026458784383517
