original_size: (920, 736)
shift_x: 0.9649
shift_y: -0.6010
angle: 4.864908455438854
scale: 0.5269509806057031
