original_size: (920, 736)
shift_x: -0.3976
shift_y: 0.6437
angle: 3.81300291675897
scale: 0.5193632806669765
