original_size: (920, 736)
shift_x: 0.1425
shift_y: -0.8659
angle: -1.7239893791495597
scale: 0.5330515910834973
