original_size: (920, 736)
shift_x: 0.5552
shift_y: 0.9630
angle: 2.4978898420170523
scale: 0.4776837017792628
