original_size: (920, 736)
shift_x: -0.7151
shift_y: -0.9515
angle: -4.914132127493165
scale: 0.533509560146499
