original_size: (920, 736)
shift_x: 0.7381
shift_y: 0.4264
angle: 4.374924113085111
scale: 0.4636547856684497
