original_size: (920, 736)
shift_x: 0.7593
shift_y: 0.7419
angle: -4.825741703077833
scale: 0.5340309446392335
