original_size: (920, 736)
shift_x: -0.3221
shift_y: -0.9291
angle: 0.9995640942492408
scale: 0.4988414583444287
