original_size: (920, 736)
shift_x: -0.1696
shift_y: -0.0720
angle: -2.8799680560808003
scale: 0.5216098361478501
