original_size: (920, 736)
shift_x: -0.5489
shift_y: 0.6682
angle: 4.0220998091955344
scale: 0.48916975246974714
