original_size: (920, 736)
shift_x: -0.1115
shift_y: 0.8616
angle: -4.3303274942682455
scale: 0.46071716597319295
