original_size: (920, 736)
shift_x: -0.2082
shift_y: 0.8073
angle: -2.778198652476511
scale: 0.4813873206494098
