original_size: (920, 736)
shift_x: -0.0017
shift_y: -0.9733
angle: -4.276347013661674
scale: 0.5480025548100282
