original_size: (920, 736)
shift_x: -0.1886
shift_y: -0.2553
angle: -0.25339090817663035
scale: 0.45955308963648545
