original_size: (920, 736)
shift_x: 0.1812
shift_y: 0.8702
angle: -3.8235105567375083
scale: 0.5296338150409883
