original_size: (921, 735)
shift_x: -0.1478
shift_y: 0.8313
angle: 1.9215804358064972
scale: 0.5322231089790637
