original_size: (921, 735)
shift_x: -0.5377
shift_y: 0.4882
angle: -0.11763492684599974
scale: 0.4572582321156404
