original_size: (921, 735)
shift_x: 0.7600
shift_y: -0.0514
angle: -4.809012144318608
scale: 0.5471510728424717
