original_size: (921, 735)
shift_x: -0.2192
shift_y: -0.8512
angle: 0.8733705982961304
scale: 0.47431917512089783
