original_size: (921, 735)
shift_x: 0.6828
shift_y: -0.3573
angle: -2.913775281744553
scale: 0.525874561860305
