original_size: (921, 735)
shift_x: 0.1393
shift_y: -0.1934
angle: -2.5344090260688423
scale: 0.5365829422493846
