original_size: (921, 735)
shift_x: 0.6952
shift_y: 0.9071
angle: 4.721404471830388
scale: 0.5157746341424504
