original_size: (921, 735)
shift_x: -0.0663
shift_y: 0.8749
angle: -1.8668899190367538
scale: 0.4743786795956614
