original_size: (921, 735)
shift_x: -0.7677
shift_y: 0.9266
angle: 1.667976848230543
scale: 0.5311382606107549
