original_size: (921, 735)
shift_x: -0.6872
shift_y: -0.4895
angle: -1.3134639217966537
scale: 0.5107132267236354
