original_size: (853, 640)
shift_x: 0.1442
shift_y: -0.0915
angle: -0.4132922846835356
scale: 0.4937669033703694
