original_size: (853, 640)
shift_x: 0.9366
shift_y: -0.4475
angle: -3.81557080576631
scale: 0.4722450094377247
