original_size: (853, 640)
shift_x: -0.6601
shift_y: 0.4242
angle: 4.042675763135401
scale: 0.5010479717591136
