original_size: (853, 640)
shift_x: -0.2571
shift_y: -0.7742
angle: -1.4689585223492916
scale: 0.4960180324977531
