original_size: (853, 640)
shift_x: 0.6204
shift_y: -0.3030
angle: 4.3827729594655445
scale: 0.48033233900491873
