original_size: (853, 640)
shift_x: -0.4599
shift_y: 0.3491
angle: -0.14743224093990204
scale: 0.5074702452841282
