original_size: (853, 640)
shift_x: 0.9750
shift_y: -0.3311
angle: -0.8483227554177528
scale: 0.45787177521479244
