original_size: (853, 640)
shift_x: -0.6140
shift_y: 0.2992
angle: -2.7856907077633286
scale: 0.5244489765492757
