original_size: (853, 640)
shift_x: 0.6160
shift_y: 0.8666
angle: -3.96634605653451
scale: 0.49687117504038486
