original_size: (853, 640)
shift_x: 0.8716
shift_y: -0.0095
angle: -4.26773858700783
scale: 0.5034226846951729
