original_size: (626, 417)
shift_x: 0.0555
shift_y: -0.7015
angle: 3.0125832963232337
scale: 0.46289172932735895
