original_size: (626, 417)
shift_x: -0.7494
shift_y: 0.6074
angle: -1.1670861254958407
scale: 0.4955922383375543
