original_size: (626, 417)
shift_x: 0.5162
shift_y: 0.7486
angle: -4.848534787803968
scale: 0.5049104870891062
