original_size: (626, 417)
shift_x: 0.2127
shift_y: -0.1466
angle: 1.0464185633688574
scale: 0.5445493865058184
