original_size: (626, 417)
shift_x: -0.1079
shift_y: 0.8160
angle: 3.979990039040377
scale: 0.5250134099786202
