original_size: (626, 417)
shift_x: -0.2103
shift_y: 0.2085
angle: 3.8438255728429045
scale: 0.4961178221242183
