original_size: (626, 417)
shift_x: -0.1683
shift_y: -0.9296
angle: -2.618539975561239
scale: 0.492453214281337
