original_size: (626, 417)
shift_x: -0.1410
shift_y: -0.3194
angle: 4.714044679967467
scale: 0.5015171136484919
