original_size: (626, 417)
shift_x: -0.5503
shift_y: 0.4305
angle: 4.024996427029903
scale: 0.4809474724002939
