original_size: (626, 417)
shift_x: -0.8108
shift_y: -0.3312
angle: 0.5578658423190337
scale: 0.4762539966921407
