original_size: (525, 735)
shift_x: -0.7742
shift_y: 0.3331
angle: 2.569533427901204
scale: 0.4668941695003635
