original_size: (525, 735)
shift_x: 0.8759
shift_y: 0.6708
angle: -3.6988282271792827
scale: 0.4956547951022174
