original_size: (525, 735)
shift_x: 0.8622
shift_y: -0.3066
angle: 4.437869637777251
scale: 0.45278368881129716
