original_size: (525, 735)
shift_x: -0.4816
shift_y: -0.9093
angle: 3.739439798020859
scale: 0.5453480862074186
