original_size: (525, 735)
shift_x: 0.8875
shift_y: 0.7558
angle: 4.306404725031918
scale: 0.5055379578775837
