original_size: (525, 735)
shift_x: 0.2243
shift_y: -0.1820
angle: 0.9012448783696501
scale: 0.5284981176847354
