original_size: (525, 735)
shift_x: 0.1713
shift_y: -0.7029
angle: 3.8270239377263557
scale: 0.5021060844980345
