original_size: (525, 735)
shift_x: 0.8556
shift_y: -0.2515
angle: -2.086850699317293
scale: 0.537893354465772
