original_size: (525, 735)
shift_x: -0.8675
shift_y: 0.1601
angle: 1.2152861245641375
scale: 0.5244699032538332
