original_size: (525, 735)
shift_x: 0.2363
shift_y: 0.3208
angle: 2.087354110906392
scale: 0.508612122353829
