original_size: (1313, 736)
shift_x: -0.8607
shift_y: -0.3855
angle: 3.052679086719664
scale: 0.46825536043423666
