original_size: (1313, 736)
shift_x: -0.6093
shift_y: 0.8561
angle: 2.4933680364838473
scale: 0.48548324457135705
