original_size: (1313, 736)
shift_x: 0.8603
shift_y: 0.2316
angle: -2.175635673440608
scale: 0.4926199935459992
