original_size: (1313, 736)
shift_x: 0.5396
shift_y: 0.3901
angle: -2.620731702389806
scale: 0.5299050988200208
