original_size: (1313, 736)
shift_x: 0.8529
shift_y: -0.2326
angle: 0.6311678328376242
scale: 0.5255159318294287
