original_size: (1313, 736)
shift_x: 0.4327
shift_y: -0.5288
angle: -1.3069583051125955
scale: 0.4573739482844184
