original_size: (1313, 736)
shift_x: -0.4720
shift_y: 0.0421
angle: -1.1318477279579673
scale: 0.5178280851767385
