original_size: (1313, 736)
shift_x: -0.4944
shift_y: -0.0414
angle: -3.605817705648967
scale: 0.5424979893757259
