original_size: (1313, 736)
shift_x: 0.8369
shift_y: 0.0987
angle: -2.5354995030007146
scale: 0.46214851885015085
