original_size: (1313, 736)
shift_x: 0.0729
shift_y: 0.4630
angle: 4.834597669737228
scale: 0.5492240119221121
