original_size: (900, 600)
shift_x: 0.1577
shift_y: 0.2745
angle: -3.8927650615504317
scale: 0.478215860662681
