original_size: (900, 600)
shift_x: 0.4419
shift_y: 0.5417
angle: -4.526249123692992
scale: 0.4976441941818808
