original_size: (900, 600)
shift_x: 0.8291
shift_y: 0.0466
angle: -4.571146026672998
scale: 0.5404651550821573
