original_size: (900, 600)
shift_x: -0.5152
shift_y: -0.7007
angle: -3.183319287657426
scale: 0.5030847354763829
