original_size: (900, 600)
shift_x: -0.2448
shift_y: -0.6582
angle: 0.85468117958313
scale: 0.5429001551969412
