original_size: (900, 600)
shift_x: -0.2527
shift_y: 0.5521
angle: 3.605835895645912
scale: 0.45227929106218867
