original_size: (900, 600)
shift_x: -0.2768
shift_y: 0.1528
angle: 4.236215391427036
scale: 0.5089105444886282
