original_size: (900, 600)
shift_x: 0.5751
shift_y: 0.2666
angle: 0.32945930298990334
scale: 0.5201839377324541
