original_size: (900, 600)
shift_x: 0.4034
shift_y: 0.6711
angle: -1.2952020841600023
scale: 0.4508885086872458
