original_size: (900, 600)
shift_x: 0.7958
shift_y: 0.3816
angle: 3.1762382654786876
scale: 0.49894707278347905
