original_size: (1111, 736)
shift_x: 0.7309
shift_y: -0.3435
angle: -1.190679909472796
scale: 0.47978700757324405
