original_size: (1111, 736)
shift_x: 0.1016
shift_y: 0.4159
angle: -0.7914095293144987
scale: 0.4565918504624202
