original_size: (1111, 736)
shift_x: 0.4064
shift_y: 0.9553
angle: 2.122395963520484
scale: 0.46010053538357193
