original_size: (1111, 736)
shift_x: -0.5008
shift_y: 0.8257
angle: 4.879889752012058
scale: 0.4747941816929997
