original_size: (1111, 736)
shift_x: 0.4929
shift_y: -0.9300
angle: 4.472187720305445
scale: 0.46468585972896453
