original_size: (1111, 736)
shift_x: 0.5584
shift_y: 0.7145
angle: -2.8325561339730077
scale: 0.4764190669203615
