original_size: (1111, 736)
shift_x: -0.1690
shift_y: -0.1625
angle: -4.759362976202574
scale: 0.5077620654971983
