original_size: (1111, 736)
shift_x: -0.7972
shift_y: -0.6787
angle: 2.887052090323875
scale: 0.4538976536759817
