original_size: (1111, 736)
shift_x: -0.1060
shift_y: -0.7979
angle: -0.19250237219414412
scale: 0.4943014117699558
