original_size: (1111, 736)
shift_x: -0.6490
shift_y: -0.1584
angle: 1.8404592900349144
scale: 0.47635328693147555
