original_size: (736, 736)
shift_x: 0.8860
shift_y: -0.0359
angle: 2.1380833610293513
scale: 0.483405100596161
