original_size: (736, 736)
shift_x: 0.9589
shift_y: 0.8835
angle: -0.47480202486541057
scale: 0.5452028051831771
