original_size: (736, 736)
shift_x: 0.6130
shift_y: -0.5491
angle: -4.759538316318047
scale: 0.5072098830395292
