original_size: (736, 736)
shift_x: -0.5626
shift_y: 0.6949
angle: 4.6928805654001575
scale: 0.5274416237588085
