original_size: (736, 736)
shift_x: -0.7772
shift_y: 0.0250
angle: 0.8791584843171405
scale: 0.5112545152575033
