original_size: (736, 736)
shift_x: 0.9693
shift_y: -0.8499
angle: -2.4506502362988423
scale: 0.5201312741258686
