original_size: (736, 736)
shift_x: 0.8178
shift_y: 0.3134
angle: 4.846084477016552
scale: 0.4692686811752576
