original_size: (736, 736)
shift_x: 0.0365
shift_y: 0.7264
angle: 1.5149726934366257
scale: 0.5356171203923146
