original_size: (736, 736)
shift_x: -0.6133
shift_y: -0.0823
angle: 1.6548946625777
scale: 0.5058341421583901
