original_size: (736, 736)
shift_x: 0.7953
shift_y: -0.1528
angle: 2.1321046863573194
scale: 0.5071351703226136
