original_size: (490, 735)
shift_x: -0.6559
shift_y: 0.6292
angle: -0.9023188642363644
scale: 0.548597273580929
