original_size: (490, 735)
shift_x: 0.2932
shift_y: 0.2805
angle: 0.2791114985240153
scale: 0.5338486427729874
