original_size: (490, 735)
shift_x: -0.8277
shift_y: 0.7445
angle: 2.1132433501927537
scale: 0.545874382844765
