original_size: (490, 735)
shift_x: 0.9813
shift_y: -0.6734
angle: -2.0974646760903126
scale: 0.502913001806388
