original_size: (490, 735)
shift_x: -0.5723
shift_y: -0.4517
angle: 2.5891900148277633
scale: 0.5087488228067141
