original_size: (490, 735)
shift_x: -0.4740
shift_y: -0.0937
angle: 3.776985669666727
scale: 0.5291307659648268
