original_size: (490, 735)
shift_x: 0.8792
shift_y: 0.6121
angle: 3.857671980433505
scale: 0.4580663128814877
