original_size: (490, 735)
shift_x: 0.2386
shift_y: 0.6091
angle: 4.6896624022499225
scale: 0.5127691962366475
