original_size: (490, 735)
shift_x: -0.2511
shift_y: 0.7512
angle: -0.7888343317298432
scale: 0.5491919693663829
