original_size: (490, 735)
shift_x: -0.7000
shift_y: 0.1160
angle: -0.3713279793053914
scale: 0.510576930458511
