original_size: (591, 474)
shift_x: 0.1189
shift_y: 0.8949
angle: 4.477424359898226
scale: 0.45466030304734045
