original_size: (591, 474)
shift_x: -0.0420
shift_y: 0.8361
angle: -3.8989456925404653
scale: 0.5075949225655793
