original_size: (591, 474)
shift_x: -0.3552
shift_y: -0.1560
angle: 4.142633538669568
scale: 0.5160454767021357
