original_size: (591, 474)
shift_x: 0.1066
shift_y: 0.6755
angle: 4.665864934961192
scale: 0.5140972265329656
