original_size: (591, 474)
shift_x: 0.9460
shift_y: -0.6064
angle: 1.5392575216800006
scale: 0.5210763736893109
