original_size: (591, 474)
shift_x: -0.9836
shift_y: 0.9811
angle: 2.8415766894938086
scale: 0.5239006049081004
