original_size: (591, 474)
shift_x: -0.8429
shift_y: -0.5111
angle: -4.6794898604468
scale: 0.5093299032715918
