original_size: (591, 474)
shift_x: 0.0575
shift_y: -0.6887
angle: 4.46079644693117
scale: 0.4565441384896199
