original_size: (591, 474)
shift_x: 0.2804
shift_y: 0.7639
angle: 1.6977790792463923
scale: 0.5160404459912643
