original_size: (591, 474)
shift_x: -0.0934
shift_y: 0.8443
angle: 2.6335827738743287
scale: 0.45110298181143027
