original_size: (736, 736)
shift_x: -0.5883
shift_y: 0.7954
angle: 2.7410956707285035
scale: 0.4658790398433662
