original_size: (736, 736)
shift_x: -0.7430
shift_y: -0.3142
angle: 3.169972976452021
scale: 0.48214258403384397
