original_size: (736, 736)
shift_x: 0.7724
shift_y: 0.4018
angle: 4.486006373795902
scale: 0.5204325240937474
