original_size: (736, 736)
shift_x: 0.6720
shift_y: -0.7572
angle: -3.614351041519205
scale: 0.5423191118430047
