original_size: (736, 736)
shift_x: -0.4070
shift_y: 0.6861
angle: -2.1058805289860727
scale: 0.4891955690115413
