original_size: (736, 736)
shift_x: -0.2795
shift_y: -0.4995
angle: -0.3170949647597521
scale: 0.50109207088907
