original_size: (736, 736)
shift_x: -0.6654
shift_y: -0.1777
angle: 0.1969729839032084
scale: 0.5430180832345995
