original_size: (736, 736)
shift_x: -0.8281
shift_y: -0.3375
angle: -3.211335147482518
scale: 0.48776164355375656
