original_size: (736, 736)
shift_x: -0.9033
shift_y: -0.2851
angle: -4.017381490861888
scale: 0.49500931963007416
