original_size: (736, 736)
shift_x: 0.1890
shift_y: 0.8570
angle: 3.9960610222079396
scale: 0.5484384421214925
