original_size: (981, 736)
shift_x: -0.9790
shift_y: -0.2147
angle: -3.7933476896047646
scale: 0.48347188198093305
