original_size: (981, 736)
shift_x: -0.5180
shift_y: -0.2027
angle: -3.1921900564718597
scale: 0.5218576063668994
