original_size: (981, 736)
shift_x: 0.3411
shift_y: 0.0452
angle: -2.0663620628422184
scale: 0.4520979560702297
