original_size: (981, 736)
shift_x: 0.1122
shift_y: 0.7341
angle: 1.7515533968336925
scale: 0.46525718484228507
