original_size: (981, 736)
shift_x: -0.5266
shift_y: -0.4812
angle: 0.16449153979506725
scale: 0.4609122988904623
