original_size: (981, 736)
shift_x: -0.7069
shift_y: -0.1057
angle: 4.148194191763967
scale: 0.5181560586705115
