original_size: (981, 736)
shift_x: 0.2706
shift_y: 0.4015
angle: 0.15850270014299106
scale: 0.45064924681433893
