original_size: (981, 736)
shift_x: -0.7475
shift_y: 0.7930
angle: 1.590051900370506
scale: 0.5223736360516777
