original_size: (981, 736)
shift_x: -0.8820
shift_y: 0.6491
angle: 3.255697117979187
scale: 0.48763945486083193
