original_size: (981, 736)
shift_x: -0.8266
shift_y: -0.3939
angle: -0.5004825614863595
scale: 0.4932650647075356
