original_size: (736, 736)
shift_x: 0.7786
shift_y: -0.0816
angle: 3.124387542527119
scale: 0.5278221391286754
