original_size: (736, 736)
shift_x: -0.6676
shift_y: 0.0811
angle: 4.738390675086945
scale: 0.5117905703338005
