original_size: (736, 736)
shift_x: -0.2702
shift_y: 0.9035
angle: -1.482806615980814
scale: 0.5401050394109921
