original_size: (736, 736)
shift_x: 0.0632
shift_y: 0.5116
angle: 4.087012366019421
scale: 0.49730918480555664
