original_size: (736, 736)
shift_x: 0.9321
shift_y: 0.5054
angle: -0.03987882776266627
scale: 0.5099181683187483
