original_size: (736, 736)
shift_x: -0.6121
shift_y: 0.8224
angle: 0.6913989390847632
scale: 0.477225464494592
