original_size: (736, 736)
shift_x: 0.8368
shift_y: 0.9712
angle: 0.7697686411823836
scale: 0.48477442569992785
