original_size: (736, 736)
shift_x: -0.5704
shift_y: 0.3018
angle: 1.6922653903711247
scale: 0.5283292096491182
