original_size: (736, 736)
shift_x: 0.5408
shift_y: 0.6739
angle: 3.5739845665861054
scale: 0.49342991210878223
