original_size: (736, 736)
shift_x: 0.5337
shift_y: -0.7121
angle: 3.088182723673331
scale: 0.5172173455257858
