original_size: (497, 634)
shift_x: 0.2971
shift_y: -0.0507
angle: -0.9763627859895143
scale: 0.5464650169889429
