original_size: (497, 634)
shift_x: 0.5900
shift_y: -0.7188
angle: -4.480871250818708
scale: 0.45828988062842996
