original_size: (497, 634)
shift_x: 0.8031
shift_y: 0.9635
angle: 4.400071545094418
scale: 0.5035134040470012
