original_size: (497, 634)
shift_x: -0.9741
shift_y: 0.5801
angle: 2.637956830569431
scale: 0.5142552803800557
