original_size: (497, 634)
shift_x: 0.8530
shift_y: -0.5005
angle: -4.053331105083871
scale: 0.49247885041053974
