original_size: (497, 634)
shift_x: -0.4162
shift_y: 0.1068
angle: -2.794407882306099
scale: 0.4587770252513159
