original_size: (497, 634)
shift_x: 0.2616
shift_y: 0.9127
angle: -2.809035135579323
scale: 0.4522903873342297
