original_size: (497, 634)
shift_x: 0.6420
shift_y: 0.6178
angle: 1.1394703143506533
scale: 0.5437941381571859
