original_size: (497, 634)
shift_x: -0.3870
shift_y: 0.4220
angle: -3.846168352623427
scale: 0.5129220121383216
