original_size: (497, 634)
shift_x: 0.2431
shift_y: -0.4122
angle: 1.401387602171095
scale: 0.4657604990638239
