original_size: (981, 736)
shift_x: 1.7501
shift_y: 2.4523
angle: 0.5875951924768197
scale: 0.2504510866219002
