original_size: (981, 736)
shift_x: -1.7601
shift_y: -1.5729
angle: -0.1933382620276145
scale: 0.25019293065714326
