original_size: (981, 736)
shift_x: 2.5568
shift_y: 0.2260
angle: -4.889395238688289
scale: 0.2480011354480444
