original_size: (981, 736)
shift_x: 2.1212
shift_y: -1.0897
angle: 3.734554140040048
scale: 0.24022980709588035
