original_size: (981, 736)
shift_x: -0.7323
shift_y: 1.7037
angle: 1.692882418915489
scale: 0.26128327936629947
