original_size: (981, 736)
shift_x: 2.2792
shift_y: 1.7469
angle: -2.912379005258482
scale: 0.2563184779386521
