original_size: (981, 736)
shift_x: -0.1431
shift_y: 1.6524
angle: -2.518569584632039
scale: 0.25342365720210264
