original_size: (981, 736)
shift_x: -2.1991
shift_y: 1.8071
angle: -1.9399967721305513
scale: 0.26307951583822464
