original_size: (981, 736)
shift_x: -0.2873
shift_y: 2.7372
angle: -3.928742705975071
scale: 0.26154720817268423
