original_size: (981, 736)
shift_x: 2.4444
shift_y: -0.6989
angle: 0.2491698570772103
scale: 0.2616526097375854
