original_size: (981, 736)
shift_x: 0.1652
shift_y: 1.5219
angle: 4.945928180853349
scale: 0.25292298915255534
