original_size: (981, 736)
shift_x: -2.1885
shift_y: 1.2765
angle: 0.6591387599727936
scale: 0.26995919970929494
