original_size: (981, 736)
shift_x: -0.4869
shift_y: 1.5855
angle: -4.762023373433809
scale: 0.2544316357351041
