original_size: (981, 736)
shift_x: 0.0197
shift_y: 1.0780
angle: -2.8482635079975327
scale: 0.2315020954730576
