original_size: (981, 736)
shift_x: -1.2390
shift_y: 2.4447
angle: -2.29802535274489
scale: 0.23843349418527265
