original_size: (981, 736)
shift_x: 2.1973
shift_y: -0.6880
angle: -4.375724188510857
scale: 0.22693384104378406
