original_size: (981, 736)
shift_x: -1.5380
shift_y: 2.3215
angle: -1.7231844033782728
scale: 0.24994942697525302
