original_size: (981, 736)
shift_x: 1.3802
shift_y: 2.1177
angle: 3.7341779177766163
scale: 0.27244671214684196
