original_size: (981, 736)
shift_x: -0.8594
shift_y: 0.1698
angle: 3.4840814313310418
scale: 0.2630994705398064
