original_size: (981, 736)
shift_x: -0.9958
shift_y: 0.7485
angle: -3.8290447066826783
scale: 0.2612727718904685
