original_size: (1309, 736)
shift_x: 0.2809
shift_y: 2.4610
angle: -1.5248246923521935
scale: 0.2261154021135822
