original_size: (1309, 736)
shift_x: -0.3919
shift_y: -1.1473
angle: -3.0150245004709353
scale: 0.2544407473473373
