original_size: (1309, 736)
shift_x: 1.2719
shift_y: -0.2957
angle: 1.7708250127537708
scale: 0.23699306898237749
