original_size: (1309, 736)
shift_x: -1.5501
shift_y: 1.3821
angle: 0.12962228573666756
scale: 0.23523921446062634
