original_size: (1309, 736)
shift_x: -0.0148
shift_y: 2.9337
angle: -4.078591298988523
scale: 0.2367930445216762
