original_size: (1309, 736)
shift_x: -2.7628
shift_y: 1.1222
angle: 4.749105556472401
scale: 0.2372284168845239
