original_size: (1309, 736)
shift_x: -0.2705
shift_y: 1.1526
angle: -2.3431487994074662
scale: 0.2341225227339946
