original_size: (1309, 736)
shift_x: -1.0276
shift_y: 1.8014
angle: -3.5364705150279505
scale: 0.25088691009531744
