original_size: (1309, 736)
shift_x: 2.6532
shift_y: 2.9512
angle: -2.7492578913339627
scale: 0.27444392691309205
