original_size: (1309, 736)
shift_x: 0.0067
shift_y: 1.1115
angle: 1.494504212976362
scale: 0.23025675337055723
