original_size: (981, 736)
shift_x: -2.3984
shift_y: 1.7013
angle: 4.024408525994664
scale: 0.24864304965788037
