original_size: (981, 736)
shift_x: -0.5803
shift_y: -2.4890
angle: 2.788768072544774
scale: 0.25198106878330506
