original_size: (981, 736)
shift_x: -2.3667
shift_y: -0.8629
angle: 1.1779943921511995
scale: 0.23973936218728817
