original_size: (981, 736)
shift_x: -2.6237
shift_y: 2.5373
angle: -0.455988455155917
scale: 0.2290151300913678
