original_size: (981, 736)
shift_x: -0.3277
shift_y: -0.7323
angle: -1.2507745889360322
scale: 0.2547782185215515
