original_size: (981, 736)
shift_x: 2.1976
shift_y: 2.2752
angle: -3.8188822279022903
scale: 0.22719002575955252
