original_size: (981, 736)
shift_x: -0.7015
shift_y: -2.8597
angle: -0.6128387081863407
scale: 0.256398783774148
