original_size: (981, 736)
shift_x: -2.9248
shift_y: -1.7808
angle: -0.6515466332394659
scale: 0.23310858863604722
