original_size: (981, 736)
shift_x: -0.9810
shift_y: -0.3976
angle: -3.92567653828221
scale: 0.2677958699564361
