original_size: (981, 736)
shift_x: -0.6593
shift_y: -2.1121
angle: -3.8160579601441755
scale: 0.2480464014447708
