original_size: (981, 736)
shift_x: 1.2894
shift_y: 2.6218
angle: -4.871944885642102
scale: 0.2664593475737925
