original_size: (981, 736)
shift_x: -0.4534
shift_y: -0.4790
angle: 2.3578352871559414
scale: 0.23424342244449883
