original_size: (981, 736)
shift_x: -1.9955
shift_y: -1.7182
angle: 3.6200757251031312
scale: 0.2726290323072886
