original_size: (981, 736)
shift_x: -0.1312
shift_y: -1.3737
angle: 2.3575320721664914
scale: 0.2292427399147264
