original_size: (981, 736)
shift_x: 2.1396
shift_y: 1.9929
angle: -4.503187399170246
scale: 0.2309276012653445
