original_size: (981, 736)
shift_x: -2.7400
shift_y: -0.7958
angle: 4.4207313923628355
scale: 0.24630329333629208
