original_size: (981, 736)
shift_x: -2.1422
shift_y: -0.8518
angle: 1.0384992130636235
scale: 0.25805692267334757
