original_size: (981, 736)
shift_x: -1.7621
shift_y: 0.1241
angle: 2.2391315191345464
scale: 0.25354506629860823
