original_size: (981, 736)
shift_x: -1.2182
shift_y: -1.8595
angle: -1.547414424356397
scale: 0.2618449938685214
