original_size: (981, 736)
shift_x: -2.2732
shift_y: 2.4666
angle: 1.940624879309497
scale: 0.23559600458871632
