original_size: (920, 736)
shift_x: -0.7707
shift_y: -2.8269
angle: -0.35305592677848363
scale: 0.22944550619563608
