original_size: (920, 736)
shift_x: 0.4523
shift_y: -1.7452
angle: -0.9270545016024521
scale: 0.2534722336126479
