original_size: (920, 736)
shift_x: -2.3581
shift_y: 0.2172
angle: 1.7422997176513242
scale: 0.23145602881286498
