original_size: (920, 736)
shift_x: -1.4297
shift_y: 1.5475
angle: -4.663713827787807
scale: 0.2533980304810184
