original_size: (920, 736)
shift_x: -1.3174
shift_y: 0.6661
angle: -2.4497099913207334
scale: 0.2623595319619139
