original_size: (920, 736)
shift_x: 2.2520
shift_y: -0.1996
angle: 2.1516423267634472
scale: 0.2504958246425748
