original_size: (920, 736)
shift_x: 0.0724
shift_y: 0.3699
angle: 2.427137539320496
scale: 0.2745206467159153
