original_size: (920, 736)
shift_x: -2.4715
shift_y: -0.7717
angle: 2.702579934489834
scale: 0.25764963707465005
