original_size: (920, 736)
shift_x: 0.5963
shift_y: -0.3841
angle: 3.3344115668950653
scale: 0.24239178527203048
