original_size: (920, 736)
shift_x: -1.8915
shift_y: -2.9372
angle: 0.4565834057533271
scale: 0.24037252525866876
