original_size: (1001, 736)
shift_x: 1.8134
shift_y: 2.2898
angle: -2.200415588312359
scale: 0.262827386984971
