original_size: (1001, 736)
shift_x: -1.9010
shift_y: -2.1630
angle: 3.9390373132696173
scale: 0.24328944695175636
