original_size: (1001, 736)
shift_x: -2.0920
shift_y: 1.3437
angle: 1.3802468129325582
scale: 0.24316924353709055
