original_size: (1001, 736)
shift_x: 1.0057
shift_y: -0.5405
angle: 2.466241141778747
scale: 0.2419612467168056
