original_size: (1001, 736)
shift_x: 2.6423
shift_y: 1.0783
angle: 1.0066312492457374
scale: 0.24508994048081895
