original_size: (1001, 736)
shift_x: -1.9575
shift_y: 1.6474
angle: -3.8387783159944897
scale: 0.2580616755293365
