original_size: (1001, 736)
shift_x: -1.7701
shift_y: 2.5092
angle: -4.71258179878867
scale: 0.268153400542963
