original_size: (1001, 736)
shift_x: 1.8560
shift_y: 2.5704
angle: 2.2529052428570004
scale: 0.23169801355747055
