original_size: (1001, 736)
shift_x: 0.3010
shift_y: -0.4082
angle: 0.14807178037723112
scale: 0.2427192892803371
