original_size: (1001, 736)
shift_x: -1.1434
shift_y: -0.8371
angle: 0.3703337335756558
scale: 0.23689095469472318
