original_size: (800, 449)
shift_x: 2.3611
shift_y: -1.4182
angle: 3.2564642874361276
scale: 0.27445017639537544
