original_size: (800, 449)
shift_x: 1.4181
shift_y: -0.8837
angle: -2.5669245076961964
scale: 0.27218739425844934
