original_size: (800, 449)
shift_x: 1.8581
shift_y: 0.6925
angle: -4.052837809280342
scale: 0.26394465836099745
