original_size: (800, 449)
shift_x: 1.6911
shift_y: 1.5127
angle: 3.0457814647511263
scale: 0.2326433327887999
