original_size: (800, 449)
shift_x: -2.9472
shift_y: 0.6376
angle: -2.0713259672278306
scale: 0.23796608934674648
