original_size: (800, 449)
shift_x: -1.7494
shift_y: 1.2996
angle: 3.44114347205576
scale: 0.264529982725311
