original_size: (800, 449)
shift_x: 1.4886
shift_y: -1.5142
angle: 3.9244243063247772
scale: 0.26029167841604095
