original_size: (800, 449)
shift_x: -0.2156
shift_y: -0.2149
angle: 3.000029931619908
scale: 0.23201196983941164
