original_size: (800, 449)
shift_x: -1.3024
shift_y: -1.9802
angle: -1.4719764780035414
scale: 0.24296581531011793
