original_size: (800, 449)
shift_x: -1.2128
shift_y: 2.2613
angle: -0.06727940483225048
scale: 0.2403041164027258
