original_size: (981, 736)
shift_x: 0.1488
shift_y: -0.1640
angle: 0.9505411890823794
scale: 0.2368309874478868
