original_size: (981, 736)
shift_x: 2.2722
shift_y: 0.5664
angle: 0.08106415890540752
scale: 0.24391262516021484
