original_size: (981, 736)
shift_x: 1.0747
shift_y: -0.2666
angle: -1.7333985134745555
scale: 0.24256294108223686
