original_size: (981, 736)
shift_x: 1.8097
shift_y: 2.8262
angle: 0.5652870160603634
scale: 0.23717803132093893
