original_size: (981, 736)
shift_x: -1.7650
shift_y: -0.4362
angle: -2.2092204782404137
scale: 0.22687280301833807
