original_size: (981, 736)
shift_x: 1.0593
shift_y: -2.3247
angle: 2.4802969143467664
scale: 0.27231298675339305
