original_size: (981, 736)
shift_x: -0.4361
shift_y: 2.8573
angle: -3.2126945870120394
scale: 0.22858789123030546
