original_size: (981, 736)
shift_x: 1.0275
shift_y: 2.6997
angle: 0.3795331362136878
scale: 0.2473430389251852
