original_size: (981, 736)
shift_x: 1.3829
shift_y: 2.0705
angle: -3.379005483754275
scale: 0.26665231583477755
