original_size: (981, 736)
shift_x: -1.5271
shift_y: 1.1007
angle: 1.5233637591634794
scale: 0.23779569999576206
