original_size: (1104, 736)
shift_x: 0.9014
shift_y: 2.6957
angle: 3.5161179094356925
scale: 0.26568948713941776
