original_size: (1104, 736)
shift_x: -0.2099
shift_y: -1.1789
angle: -4.835066997004779
scale: 0.26112267304393183
