original_size: (1104, 736)
shift_x: -2.0009
shift_y: 1.6980
angle: 1.284955500793295
scale: 0.24220422972910954
