original_size: (1104, 736)
shift_x: 0.2490
shift_y: -1.0562
angle: -4.415840288130197
scale: 0.24778682335158647
