original_size: (1104, 736)
shift_x: 2.4022
shift_y: -0.3607
angle: 3.448696840704521
scale: 0.23070022610907404
