original_size: (1104, 736)
shift_x: -1.0921
shift_y: -2.3758
angle: -3.6546692179587548
scale: 0.23660365551824805
