original_size: (1104, 736)
shift_x: -0.1436
shift_y: 0.3637
angle: -1.036974310918719
scale: 0.254947157513099
