original_size: (1104, 736)
shift_x: 1.8175
shift_y: 2.9497
angle: -1.5906317397333924
scale: 0.2469718503071952
