original_size: (1104, 736)
shift_x: -0.8154
shift_y: -2.1169
angle: 3.8651507071897395
scale: 0.25989556267937225
