original_size: (1104, 736)
shift_x: -2.1573
shift_y: 1.3963
angle: -0.9334344075860423
scale: 0.23536075122098055
