original_size: (981, 736)
shift_x: 1.8787
shift_y: -2.3185
angle: -2.780317278071771
scale: 0.2594957770585775
