original_size: (981, 736)
shift_x: -1.2338
shift_y: 0.3071
angle: -0.6042061367314266
scale: 0.2564101527605619
