original_size: (981, 736)
shift_x: -2.9398
shift_y: -2.4865
angle: -4.504743936361927
scale: 0.26540015071984113
