original_size: (981, 736)
shift_x: 2.0806
shift_y: 0.9187
angle: 4.661012303217213
scale: 0.26074547773207846
