original_size: (981, 736)
shift_x: -2.1750
shift_y: -2.4113
angle: -2.084947490564668
scale: 0.2666511235082667
