original_size: (981, 736)
shift_x: 2.3801
shift_y: 0.9067
angle: -4.672554367491731
scale: 0.2629550661555141
