original_size: (981, 736)
shift_x: 2.8891
shift_y: 2.3246
angle: 0.3187805520862277
scale: 0.24370659176760134
