original_size: (981, 736)
shift_x: 2.2133
shift_y: 2.3895
angle: 0.010086550227913271
scale: 0.24147616956532525
