original_size: (981, 736)
shift_x: -1.1740
shift_y: -1.3436
angle: -2.2897831037798912
scale: 0.26738769825067943
