original_size: (981, 736)
shift_x: 0.5488
shift_y: 2.4220
angle: 0.5632573227471918
scale: 0.22688666046486677
