original_size: (1136, 640)
shift_x: -0.8490
shift_y: -2.0218
angle: 2.5161044933435592
scale: 0.2398861766765896
