original_size: (1136, 640)
shift_x: -0.0777
shift_y: 1.3417
angle: -0.42586464472416186
scale: 0.26465588779687044
