original_size: (1136, 640)
shift_x: 2.5572
shift_y: 0.9163
angle: -3.149093329958428
scale: 0.24885984132055256
