original_size: (1136, 640)
shift_x: -1.9264
shift_y: -0.8252
angle: 3.342628189448426
scale: 0.2275554275672504
