original_size: (1136, 640)
shift_x: 2.7161
shift_y: -1.2103
angle: 4.97584314439616
scale: 0.24352803512568677
