original_size: (1136, 640)
shift_x: 0.3211
shift_y: -2.7231
angle: 1.5019240956112228
scale: 0.25015280520894245
