original_size: (1136, 640)
shift_x: 0.7065
shift_y: 2.4877
angle: 2.504313290859832
scale: 0.25291664063030217
