original_size: (1136, 640)
shift_x: -2.4813
shift_y: -1.9212
angle: 3.3397098014442346
scale: 0.24511688716549454
