original_size: (1136, 640)
shift_x: -1.8715
shift_y: 1.9311
angle: -2.2900153884055374
scale: 0.2667731575609693
