original_size: (1136, 640)
shift_x: -0.1362
shift_y: -2.9087
angle: -2.9306339647559265
scale: 0.2629638846039166
