original_size: (736, 736)
shift_x: 1.4922
shift_y: 1.1064
angle: -0.08838025242428582
scale: 0.23805446761557225
