original_size: (736, 736)
shift_x: 1.9145
shift_y: -2.4224
angle: -4.527696116955248
scale: 0.24318593117468673
