original_size: (736, 736)
shift_x: -2.3922
shift_y: 0.5880
angle: 3.515835268689049
scale: 0.2283843530078822
