original_size: (736, 736)
shift_x: 2.2807
shift_y: -1.3775
angle: 1.6755814702105463
scale: 0.2593843381657454
