original_size: (736, 736)
shift_x: 1.6135
shift_y: 1.6074
angle: 4.040521971608937
scale: 0.24302802025130368
