original_size: (736, 736)
shift_x: -1.3447
shift_y: -2.0210
angle: -1.2256702856594792
scale: 0.2616544107029833
