original_size: (736, 736)
shift_x: -1.1405
shift_y: -0.7004
angle: 2.7125024063037078
scale: 0.25989226370936536
