original_size: (736, 736)
shift_x: -0.4248
shift_y: -2.2955
angle: 0.40477301577744385
scale: 0.2668221128297472
