original_size: (736, 736)
shift_x: -2.4438
shift_y: -1.2044
angle: -3.8052309861450206
scale: 0.24452417952820346
