original_size: (736, 736)
shift_x: -0.0933
shift_y: 1.3358
angle: 1.5882773165792843
scale: 0.2472138261514087
