original_size: (920, 736)
shift_x: 0.7421
shift_y: -2.2692
angle: 4.917060477315415
scale: 0.26612462337407733
