original_size: (920, 736)
shift_x: 2.3108
shift_y: -0.2042
angle: -3.7554537086009843
scale: 0.26342027188709133
