original_size: (920, 736)
shift_x: -0.7514
shift_y: -0.2399
angle: 4.210632785797548
scale: 0.27204831810517743
