original_size: (920, 736)
shift_x: 1.1580
shift_y: -2.9942
angle: -3.365045699844722
scale: 0.266546547946944
