original_size: (920, 736)
shift_x: 2.9430
shift_y: -0.8275
angle: -4.836020767296947
scale: 0.25114633370538375
