original_size: (920, 736)
shift_x: -0.4695
shift_y: -1.3869
angle: 0.20899456731552668
scale: 0.25369337275018017
