original_size: (920, 736)
shift_x: -1.1503
shift_y: -1.1370
angle: -4.873644897295843
scale: 0.2723852351311006
