original_size: (920, 736)
shift_x: 2.0278
shift_y: 0.1244
angle: -4.3891924361538575
scale: 0.2582478295681908
