original_size: (920, 736)
shift_x: 0.4306
shift_y: 2.2411
angle: 4.357246739484413
scale: 0.23720834377985658
