original_size: (920, 736)
shift_x: 0.9998
shift_y: 0.1971
angle: -4.361204085190912
scale: 0.25678743806435006
