original_size: (981, 736)
shift_x: -0.8245
shift_y: -0.4408
angle: 2.5494380439459032
scale: 0.2450742250940464
