original_size: (981, 736)
shift_x: 1.7655
shift_y: 0.8755
angle: -4.497029979119383
scale: 0.2587057633051807
