original_size: (981, 736)
shift_x: 0.5215
shift_y: -1.6417
angle: -0.6378576850144153
scale: 0.25650306174109483
