original_size: (981, 736)
shift_x: 1.7894
shift_y: 2.2665
angle: 0.563633046380982
scale: 0.25693051562896924
