original_size: (981, 736)
shift_x: -2.6314
shift_y: -2.7634
angle: 4.462869866961137
scale: 0.22563307648339553
