original_size: (981, 736)
shift_x: -0.4994
shift_y: -0.8438
angle: -0.8886524132913269
scale: 0.2404003725826018
