original_size: (981, 736)
shift_x: -1.8827
shift_y: -2.0240
angle: 1.4809420684004069
scale: 0.2556984733347578
