original_size: (981, 736)
shift_x: -1.7991
shift_y: -1.0549
angle: 2.219867976528736
scale: 0.2732102756510663
