original_size: (981, 736)
shift_x: 2.6008
shift_y: 0.8341
angle: 3.18277909253065
scale: 0.24600305599397004
