original_size: (981, 736)
shift_x: 2.5318
shift_y: -2.1350
angle: -3.928586081943408
scale: 0.24224605812774697
