original_size: (552, 736)
shift_x: -1.2890
shift_y: 0.3980
angle: 0.506714916503662
scale: 0.24626533062906528
