original_size: (552, 736)
shift_x: 1.9254
shift_y: -2.1755
angle: 3.407298655769191
scale: 0.25285045040702225
