original_size: (552, 736)
shift_x: 2.8451
shift_y: 2.2109
angle: -1.1110417107242112
scale: 0.2286420008922914
