original_size: (552, 736)
shift_x: 2.4830
shift_y: -1.5682
angle: -4.846844725903648
scale: 0.22825622801010842
