original_size: (552, 736)
shift_x: 0.8677
shift_y: -0.5930
angle: 4.504800886489242
scale: 0.24039320650133114
