original_size: (552, 736)
shift_x: 2.8318
shift_y: -1.2471
angle: 0.8985167680693165
scale: 0.24292244051382222
