original_size: (552, 736)
shift_x: -2.5967
shift_y: 0.2839
angle: 0.5978923718138951
scale: 0.25719373829397557
