original_size: (552, 736)
shift_x: 2.4214
shift_y: 1.2287
angle: 0.7888245776991436
scale: 0.22867248318805733
