original_size: (552, 736)
shift_x: 2.9860
shift_y: -2.8344
angle: 4.04473000611771
scale: 0.24140263472222695
