original_size: (552, 736)
shift_x: 1.3919
shift_y: -2.1919
angle: -0.45985227496410896
scale: 0.24546693034798814
