original_size: (1308, 736)
shift_x: -2.1666
shift_y: 0.6382
angle: 3.8401584917010716
scale: 0.23819874660947898
