original_size: (1308, 736)
shift_x: 0.3675
shift_y: -0.3952
angle: 4.385558342081659
scale: 0.22756450375684573
