original_size: (1308, 736)
shift_x: 0.5085
shift_y: 2.3899
angle: 4.954443103682808
scale: 0.2658164090358309
