original_size: (1308, 736)
shift_x: 1.0737
shift_y: 2.9025
angle: 0.9558952283063684
scale: 0.25811823311556614
