original_size: (1308, 736)
shift_x: 1.5375
shift_y: 1.3769
angle: 3.996249234385836
scale: 0.23194593767733795
