original_size: (1308, 736)
shift_x: -0.3536
shift_y: 2.8315
angle: 4.862741566684841
scale: 0.2673419146767049
