original_size: (1308, 736)
shift_x: 2.1289
shift_y: 2.3975
angle: 2.280644161171317
scale: 0.25602506943489256
