original_size: (1308, 736)
shift_x: 0.0545
shift_y: 0.6048
angle: -1.8292241884630798
scale: 0.2693103358422029
