original_size: (1308, 736)
shift_x: 1.8670
shift_y: 1.4509
angle: -2.7570289626308186
scale: 0.252169329809631
