original_size: (1308, 736)
shift_x: 1.4132
shift_y: 1.9078
angle: -1.2138468021889546
scale: 0.2531993297962058
