original_size: (1104, 736)
shift_x: 2.5138
shift_y: -2.4986
angle: 3.5620311899058503
scale: 0.2418768203475436
