original_size: (1104, 736)
shift_x: -0.5666
shift_y: -2.7605
angle: 0.4892518781677815
scale: 0.23436365480076976
