original_size: (1104, 736)
shift_x: 0.4024
shift_y: 1.1427
angle: 0.9475481351681978
scale: 0.22768559954167877
