original_size: (1104, 736)
shift_x: 1.7188
shift_y: 1.0059
angle: -4.777842148548527
scale: 0.23547216186134612
