original_size: (1104, 736)
shift_x: 2.1246
shift_y: 1.4873
angle: -2.376898261402655
scale: 0.2556845800530614
