original_size: (1104, 736)
shift_x: -1.6710
shift_y: 1.8396
angle: -2.604518910321211
scale: 0.23147917642856175
