original_size: (1104, 736)
shift_x: -1.3872
shift_y: -0.9633
angle: 0.3621427989851975
scale: 0.2469343453109113
