original_size: (1104, 736)
shift_x: 2.6604
shift_y: 2.5543
angle: -0.05771987146306401
scale: 0.26224559489134097
