original_size: (1104, 736)
shift_x: 1.7021
shift_y: -1.9262
angle: 2.8812509301415643
scale: 0.25002578324675107
