original_size: (1104, 736)
shift_x: -2.3456
shift_y: -0.6821
angle: -3.979644660145004
scale: 0.26665569865469807
