original_size: (918, 736)
shift_x: 2.7818
shift_y: -1.8284
angle: -0.8750435104394505
scale: 0.23020497625271447
