original_size: (918, 736)
shift_x: -0.5851
shift_y: 0.9014
angle: -3.465610478222515
scale: 0.26727558817052227
