original_size: (918, 736)
shift_x: -0.7050
shift_y: -1.3937
angle: -2.4734592905917854
scale: 0.2257855577597955
