original_size: (918, 736)
shift_x: -0.2434
shift_y: 0.7664
angle: -1.9605794828225087
scale: 0.2682500107107661
