original_size: (918, 736)
shift_x: -1.5260
shift_y: -1.4919
angle: -3.7526002160953786
scale: 0.24453916742649165
