original_size: (918, 736)
shift_x: 0.3783
shift_y: -1.6592
angle: -2.1252756704143208
scale: 0.2748070634807895
