original_size: (918, 736)
shift_x: 0.1398
shift_y: -1.2817
angle: -3.1768611151844004
scale: 0.23569197715694787
