original_size: (918, 736)
shift_x: 0.2006
shift_y: -2.7387
angle: -2.3630620285060333
scale: 0.2487249936833361
