original_size: (918, 736)
shift_x: -1.1985
shift_y: 1.2207
angle: 1.4948232926757443
scale: 0.27455272516734613
