original_size: (918, 736)
shift_x: -2.5400
shift_y: -1.1148
angle: 0.90816694636107
scale: 0.2252933825339778
