original_size: (720, 480)
shift_x: 1.7571
shift_y: 2.1518
angle: -0.1539391922461819
scale: 0.25028194157455136
