original_size: (720, 480)
shift_x: -1.2608
shift_y: 0.4020
angle: 3.8920404701371076
scale: 0.25595143977483015
