original_size: (720, 480)
shift_x: 0.7345
shift_y: 2.3965
angle: -2.536608715769982
scale: 0.22980154587468296
