original_size: (720, 480)
shift_x: -0.8368
shift_y: 0.5257
angle: 0.4440184594959229
scale: 0.25046152117603315
