original_size: (720, 480)
shift_x: 1.6176
shift_y: 2.3533
angle: -2.733642582991952
scale: 0.26491216187988126
