original_size: (720, 480)
shift_x: -2.9131
shift_y: 1.4937
angle: 4.517444368684208
scale: 0.25580472504691854
