original_size: (720, 480)
shift_x: 1.2505
shift_y: 0.8579
angle: 3.7912527983906426
scale: 0.26826139717880587
