original_size: (720, 480)
shift_x: 0.0449
shift_y: -2.9303
angle: -3.8902921002587885
scale: 0.2602238841655573
