original_size: (720, 480)
shift_x: -0.4119
shift_y: 1.8036
angle: -2.701001257691754
scale: 0.24723825245522985
