original_size: (720, 480)
shift_x: 2.7797
shift_y: -2.7183
angle: -2.9313123540957777
scale: 0.23007920613805086
