original_size: (600, 390)
shift_x: 1.7693
shift_y: -0.8895
angle: -1.4365647749403045
scale: 0.265368343747097
