original_size: (600, 390)
shift_x: 1.1572
shift_y: 2.7790
angle: -3.5497675096247017
scale: 0.25659891143894786
