original_size: (600, 390)
shift_x: -0.7916
shift_y: -1.1504
angle: 4.884028297302018
scale: 0.2508827589936069
