original_size: (600, 390)
shift_x: 2.5611
shift_y: 0.3358
angle: 1.7523062689506927
scale: 0.25860032140679257
