original_size: (600, 390)
shift_x: -1.3245
shift_y: -2.7386
angle: 4.037867051132983
scale: 0.22760479973003908
