original_size: (600, 390)
shift_x: 2.3290
shift_y: 2.7809
angle: 3.035457872103386
scale: 0.24723699683606512
