original_size: (600, 390)
shift_x: 1.4031
shift_y: 1.8198
angle: 4.485468117612083
scale: 0.26999083578158994
