original_size: (600, 390)
shift_x: 0.2198
shift_y: -0.4087
angle: 4.646313067331807
scale: 0.25242733569850867
