original_size: (600, 390)
shift_x: -0.8784
shift_y: -0.9599
angle: -2.1281689466685183
scale: 0.2556446657540336
