original_size: (600, 390)
shift_x: 0.6445
shift_y: -1.8418
angle: 2.7656880945567845
scale: 0.24266957460854974
