original_size: (981, 736)
shift_x: 1.5511
shift_y: 2.7360
angle: -4.47391551649007
scale: 0.22625097484589768
