original_size: (981, 736)
shift_x: 1.3504
shift_y: 2.2980
angle: 1.5712415415663274
scale: 0.23814212946234692
