original_size: (981, 736)
shift_x: -1.9814
shift_y: -0.4625
angle: 1.284967800567686
scale: 0.2364486797146937
