original_size: (981, 736)
shift_x: 2.2475
shift_y: -1.9374
angle: -1.4298627158924804
scale: 0.2486707465814895
