original_size: (981, 736)
shift_x: 2.5982
shift_y: 0.3966
angle: -0.6928609725484272
scale: 0.23898057023241584
