original_size: (981, 736)
shift_x: 1.0726
shift_y: 1.0168
angle: -1.0519666369678147
scale: 0.25003272904070595
