original_size: (981, 736)
shift_x: -0.9273
shift_y: -0.6395
angle: 1.0207091150680094
scale: 0.22732373343139572
