original_size: (981, 736)
shift_x: 2.2748
shift_y: -1.0849
angle: -2.046075115310957
scale: 0.2652079427903942
