original_size: (981, 736)
shift_x: -1.8485
shift_y: 0.3256
angle: -1.3397763144664108
scale: 0.253759692500154
