original_size: (981, 736)
shift_x: -1.8246
shift_y: -0.6255
angle: -3.085568412921554
scale: 0.2663602525311428
