original_size: (981, 736)
shift_x: 2.9577
shift_y: 2.0489
angle: -4.531962383980856
scale: 0.22752038907781988
