original_size: (981, 736)
shift_x: -2.5305
shift_y: -2.7757
angle: 0.41116636185712707
scale: 0.2321774890841768
