original_size: (981, 736)
shift_x: 2.9587
shift_y: 2.1762
angle: -3.8568762105594456
scale: 0.2685536991707264
