original_size: (981, 736)
shift_x: 2.7939
shift_y: 0.2403
angle: -4.507213136529317
scale: 0.2493083299551188
