original_size: (981, 736)
shift_x: -0.0516
shift_y: -0.0155
angle: 2.193357635073313
scale: 0.23353985457793575
