original_size: (981, 736)
shift_x: -0.1574
shift_y: -0.2906
angle: -3.9500963203841897
scale: 0.2736123491683949
