original_size: (981, 736)
shift_x: 2.3300
shift_y: -2.1798
angle: 1.9241875836917401
scale: 0.23825211547721076
