original_size: (981, 736)
shift_x: 1.3219
shift_y: 2.1013
angle: 2.1343803811151965
scale: 0.2747004650687089
