original_size: (981, 736)
shift_x: 2.8234
shift_y: -2.5565
angle: 4.778989853054808
scale: 0.26545315479160847
