original_size: (981, 736)
shift_x: -2.4110
shift_y: 0.9790
angle: 4.048009720823535
scale: 0.2626117884899481
