original_size: (875, 700)
shift_x: 0.2066
shift_y: -1.7393
angle: 4.759819568913141
scale: 0.24510773647926398
