original_size: (875, 700)
shift_x: 0.0965
shift_y: -1.3957
angle: -0.27242008225307224
scale: 0.25300777511032374
