original_size: (875, 700)
shift_x: 0.8451
shift_y: -1.1376
angle: 0.6319296693443377
scale: 0.2648658994365357
