original_size: (875, 700)
shift_x: 1.3523
shift_y: 1.9065
angle: 0.12629095745632135
scale: 0.2551092515658701
