original_size: (875, 700)
shift_x: -2.0907
shift_y: -0.6167
angle: 2.5061921164676555
scale: 0.2580739317717339
