original_size: (875, 700)
shift_x: -2.8592
shift_y: 0.1643
angle: 4.19102159439446
scale: 0.25340411702037535
