original_size: (875, 700)
shift_x: -1.0825
shift_y: -1.3137
angle: 2.2897947145055735
scale: 0.25919165981161746
