original_size: (875, 700)
shift_x: -1.8350
shift_y: 1.7421
angle: -4.799810884939745
scale: 0.23520931718110813
