original_size: (875, 700)
shift_x: 0.3098
shift_y: -1.9707
angle: 3.1499490503502177
scale: 0.25585022782577266
