original_size: (875, 700)
shift_x: -1.9283
shift_y: -0.1312
angle: 1.4403794092375168
scale: 0.2513226391209126
