original_size: (1104, 736)
shift_x: 2.6284
shift_y: 2.8345
angle: 3.0455923606544015
scale: 0.24665155487277104
