original_size: (1104, 736)
shift_x: 2.9023
shift_y: -1.8184
angle: 2.30119942054149
scale: 0.2552383193798753
