original_size: (1104, 736)
shift_x: -0.5101
shift_y: -2.7471
angle: -3.0782634575646206
scale: 0.25112732138909877
