original_size: (1104, 736)
shift_x: -2.9333
shift_y: 0.5485
angle: 3.1994012016982616
scale: 0.22985023500236523
