original_size: (1104, 736)
shift_x: 0.3787
shift_y: -0.4633
angle: -1.0635928008720388
scale: 0.25522323995669627
