original_size: (1104, 736)
shift_x: -0.1986
shift_y: -1.3941
angle: 2.5153079189374257
scale: 0.2518740598594039
