original_size: (1104, 736)
shift_x: -0.8811
shift_y: -1.3366
angle: 2.2036484667785805
scale: 0.2724043933180485
