original_size: (1104, 736)
shift_x: -2.9586
shift_y: 1.6287
angle: -0.9393360310151913
scale: 0.2669760110952596
