original_size: (1104, 736)
shift_x: 0.2376
shift_y: 0.2442
angle: 0.4599320119449839
scale: 0.23610926255725925
