original_size: (1104, 736)
shift_x: -0.0617
shift_y: 2.5586
angle: -3.8432833069424466
scale: 0.23702096734330297
