original_size: (981, 736)
shift_x: 0.4819
shift_y: 0.8458
angle: 0.6354236031328933
scale: 0.25424800614158155
