original_size: (981, 736)
shift_x: 0.2979
shift_y: 0.3172
angle: -1.1335109519656306
scale: 0.2558357464610444
