original_size: (981, 736)
shift_x: -2.8581
shift_y: 1.7126
angle: 0.021543325311453643
scale: 0.26741027536544837
