original_size: (981, 736)
shift_x: 0.2054
shift_y: 1.0465
angle: 4.397785204521414
scale: 0.2343092739298898
