original_size: (981, 736)
shift_x: 0.3517
shift_y: -2.1173
angle: -4.643465228675035
scale: 0.2561648826902364
