original_size: (981, 736)
shift_x: 0.6918
shift_y: 1.1840
angle: -4.387181565063223
scale: 0.24641565882264538
