original_size: (981, 736)
shift_x: -0.7250
shift_y: -0.8090
angle: -1.4166979597649885
scale: 0.27459439584450807
