original_size: (981, 736)
shift_x: -0.2870
shift_y: 0.6370
angle: -4.336537180052127
scale: 0.23336546172243572
