original_size: (981, 736)
shift_x: 1.6043
shift_y: -1.7154
angle: 4.996945664436346
scale: 0.25045727974697135
