original_size: (981, 736)
shift_x: -2.7039
shift_y: 2.1956
angle: 0.4726735223345644
scale: 0.22838377956045086
