original_size: (1103, 736)
shift_x: -0.7247
shift_y: -1.3683
angle: 0.1636396430364453
scale: 0.23593835921878822
