original_size: (1103, 736)
shift_x: 2.5349
shift_y: -0.0267
angle: -4.749445273944404
scale: 0.24844083482438883
