original_size: (1103, 736)
shift_x: -0.5844
shift_y: -1.8640
angle: -2.6612532335719905
scale: 0.24331104777795617
