original_size: (1103, 736)
shift_x: -1.3129
shift_y: 0.3082
angle: 1.7888550410729849
scale: 0.24223986859741348
