original_size: (1103, 736)
shift_x: 0.7079
shift_y: 0.7889
angle: -1.4902262657738041
scale: 0.2545463625447853
