original_size: (1103, 736)
shift_x: 2.2448
shift_y: 0.6857
angle: -1.4146049139636374
scale: 0.2296707138221405
