original_size: (1103, 736)
shift_x: 2.5964
shift_y: 1.2881
angle: 0.2654737411245929
scale: 0.2639694672212463
