original_size: (1103, 736)
shift_x: 2.1813
shift_y: -2.6034
angle: 2.588734471015818
scale: 0.26763089595347733
