original_size: (1103, 736)
shift_x: 2.4268
shift_y: 2.6675
angle: -3.540332545121813
scale: 0.2546904248326437
