original_size: (1103, 736)
shift_x: -0.4600
shift_y: 0.4158
angle: 2.8962620260205227
scale: 0.26586358438481333
