original_size: (915, 736)
shift_x: 2.1711
shift_y: -0.8485
angle: 1.952373216635925
scale: 0.2658282680855213
