original_size: (915, 736)
shift_x: -0.3288
shift_y: -0.3437
angle: -1.5279443621151123
scale: 0.2677086654781942
