original_size: (915, 736)
shift_x: 1.7097
shift_y: 2.1176
angle: -2.9642989817128393
scale: 0.26656826297870495
