original_size: (915, 736)
shift_x: -0.0331
shift_y: 2.8872
angle: -4.926930956128369
scale: 0.24792196039508788
