original_size: (915, 736)
shift_x: 2.1494
shift_y: -0.0985
angle: 0.6039741931640217
scale: 0.25667833925975575
