original_size: (915, 736)
shift_x: -2.4640
shift_y: 2.8807
angle: -4.336989120416964
scale: 0.2599384228094157
