original_size: (915, 736)
shift_x: -2.1650
shift_y: -1.7801
angle: 0.21845538276883847
scale: 0.23068474306310324
