original_size: (915, 736)
shift_x: 0.3382
shift_y: -1.6608
angle: 0.20527520153274104
scale: 0.26842681190849127
