original_size: (915, 736)
shift_x: -0.4394
shift_y: 0.4648
angle: -2.3853563039780514
scale: 0.2281112583450099
