original_size: (915, 736)
shift_x: 1.2941
shift_y: 1.1743
angle: 0.32089554207654736
scale: 0.24603241119233546
