original_size: (920, 736)
shift_x: 2.2167
shift_y: -1.5724
angle: 0.7948915614234107
scale: 0.2736229313451303
