original_size: (920, 736)
shift_x: 1.8389
shift_y: -0.8026
angle: -4.417514470925161
scale: 0.2505867686947279
