original_size: (920, 736)
shift_x: 1.3445
shift_y: -0.0228
angle: -4.774402879938537
scale: 0.23880956325916228
