original_size: (920, 736)
shift_x: -2.2077
shift_y: -2.0292
angle: 1.8657731670781583
scale: 0.24954403053481777
