original_size: (920, 736)
shift_x: -2.4299
shift_y: 0.6225
angle: 1.492760134984091
scale: 0.2363986400695277
