original_size: (920, 736)
shift_x: 0.5563
shift_y: 1.5949
angle: 1.1105050542976391
scale: 0.24152418261187877
