original_size: (920, 736)
shift_x: 0.9950
shift_y: 2.3089
angle: 3.4522242146800544
scale: 0.26170944651015154
