original_size: (920, 736)
shift_x: -2.6272
shift_y: 0.5959
angle: -1.0722147452461437
scale: 0.2595382145121567
