original_size: (920, 736)
shift_x: -2.0619
shift_y: 2.0184
angle: 2.202439576496598
scale: 0.24313727188391085
