original_size: (920, 736)
shift_x: -2.0406
shift_y: 1.9203
angle: 4.74866528438136
scale: 0.25645801559662973
