original_size: (604, 486)
shift_x: 0.4279
shift_y: 0.8055
angle: -1.3260164689901908
scale: 0.26517006759892753
