original_size: (604, 486)
shift_x: -0.7581
shift_y: 0.5714
angle: -3.025758645294351
scale: 0.23599949081533556
