original_size: (604, 486)
shift_x: -1.1680
shift_y: -0.3812
angle: -4.7128991515219045
scale: 0.23102225944147523
