original_size: (604, 486)
shift_x: 1.0980
shift_y: 1.7858
angle: -1.3613957339937288
scale: 0.26425134999330974
