original_size: (604, 486)
shift_x: 2.3873
shift_y: -1.3354
angle: 4.47695175456192
scale: 0.2590652926365753
