original_size: (604, 486)
shift_x: 0.4287
shift_y: -2.9770
angle: -0.11602331975271163
scale: 0.226409909105193
