original_size: (604, 486)
shift_x: -2.8711
shift_y: 1.8378
angle: -0.45458646284950355
scale: 0.24429410301346446
