original_size: (604, 486)
shift_x: -0.9570
shift_y: -1.4674
angle: -3.319096192271701
scale: 0.26861404118277366
