original_size: (604, 486)
shift_x: -1.3901
shift_y: 2.2526
angle: 2.083055575394183
scale: 0.22950943833613524
