original_size: (604, 486)
shift_x: -2.1048
shift_y: 1.4660
angle: -1.2309243538846926
scale: 0.24056889137588858
