original_size: (450, 600)
shift_x: 1.5773
shift_y: -1.3316
angle: -3.8995948709355313
scale: 0.25830132424912366
