original_size: (450, 600)
shift_x: -2.6579
shift_y: 1.4445
angle: 1.0441224157436482
scale: 0.251017920260134
