original_size: (450, 600)
shift_x: 0.5762
shift_y: 0.9089
angle: -0.8241994291244055
scale: 0.22971104366417086
