original_size: (450, 600)
shift_x: 0.9535
shift_y: 1.8624
angle: 2.186420523924829
scale: 0.2381629057204901
