original_size: (450, 600)
shift_x: -2.4962
shift_y: -1.9513
angle: -2.2691055165582084
scale: 0.26143567191931966
