original_size: (450, 600)
shift_x: 2.4783
shift_y: 1.5687
angle: -1.0035326763955976
scale: 0.23290362443290505
