original_size: (450, 600)
shift_x: -0.8744
shift_y: -0.1685
angle: 2.0632407994133324
scale: 0.2728352688883716
