original_size: (450, 600)
shift_x: 2.2386
shift_y: 1.9258
angle: 2.5057702448924335
scale: 0.27316916434954897
