original_size: (450, 600)
shift_x: 2.7606
shift_y: -1.0723
angle: 3.3065146589310572
scale: 0.2577280136725187
