original_size: (450, 600)
shift_x: -0.0275
shift_y: 1.0070
angle: -3.5302809568213487
scale: 0.2315625937251431
