original_size: (981, 736)
shift_x: -1.9660
shift_y: 1.8434
angle: 1.2758012161349157
scale: 0.2669321395261405
