original_size: (981, 736)
shift_x: -1.3848
shift_y: -0.6215
angle: 3.6930323686288684
scale: 0.2319662843603997
