original_size: (981, 736)
shift_x: 0.3907
shift_y: 0.1213
angle: -3.872481966870327
scale: 0.23882872590849988
