original_size: (981, 736)
shift_x: 0.8214
shift_y: 1.5100
angle: -0.5459884353848068
scale: 0.2516674389515315
