original_size: (981, 736)
shift_x: 2.1904
shift_y: 0.6369
angle: 2.8099648506123334
scale: 0.25103794748820835
