original_size: (981, 736)
shift_x: 2.3936
shift_y: 2.4768
angle: 3.386026051531468
scale: 0.23417333772700688
