original_size: (981, 736)
shift_x: 2.2096
shift_y: -1.7186
angle: -3.0789732918898705
scale: 0.25282321357204474
