original_size: (981, 736)
shift_x: -2.1651
shift_y: -2.1064
angle: 3.157659194095727
scale: 0.22880796507815213
