original_size: (981, 736)
shift_x: -2.8006
shift_y: -1.6225
angle: 4.194182247447033
scale: 0.2621372258406375
