original_size: (981, 736)
shift_x: -2.7987
shift_y: -2.1793
angle: 3.4818817954881798
scale: 0.25094676800132126
