original_size: (1308, 736)
shift_x: 2.1699
shift_y: 1.8826
angle: -4.250772664706307
scale: 0.22857623121538703
