original_size: (1308, 736)
shift_x: -1.7204
shift_y: -2.7170
angle: -4.427880078623066
scale: 0.2448189508774384
