original_size: (1308, 736)
shift_x: 0.6328
shift_y: 1.2491
angle: -0.5735310513512726
scale: 0.25730994673546687
