original_size: (1308, 736)
shift_x: -2.0925
shift_y: 1.8859
angle: -0.7575219578581693
scale: 0.268452142438808
