original_size: (1308, 736)
shift_x: 0.0796
shift_y: 2.1802
angle: 4.876506884672212
scale: 0.2414261080820681
