original_size: (1308, 736)
shift_x: -0.0418
shift_y: -0.3121
angle: 4.7991804478385856
scale: 0.25722597936620645
