original_size: (1308, 736)
shift_x: -2.3874
shift_y: -2.0757
angle: -1.781579437882559
scale: 0.2704325896288236
