original_size: (1308, 736)
shift_x: 1.9972
shift_y: -2.9521
angle: 2.6381648865856633
scale: 0.22905115557868783
