original_size: (1308, 736)
shift_x: 2.5665
shift_y: 0.8047
angle: -2.2161805327750717
scale: 0.22972427646274324
