original_size: (1308, 736)
shift_x: -2.2880
shift_y: -1.4336
angle: 4.491490974591375
scale: 0.2678922360917555
