original_size: (468, 375)
shift_x: -1.6980
shift_y: 1.5797
angle: 1.4544010666613723
scale: 0.23243205676556755
