original_size: (468, 375)
shift_x: -2.0231
shift_y: 2.6881
angle: 1.2847071444933924
scale: 0.2558601988429727
