original_size: (468, 375)
shift_x: 0.2707
shift_y: -1.2813
angle: -4.61534490488988
scale: 0.24611978758678182
