original_size: (468, 375)
shift_x: -0.2964
shift_y: 0.6150
angle: 0.06772278881603899
scale: 0.23302962668358101
