original_size: (468, 375)
shift_x: 1.8597
shift_y: 0.3078
angle: 3.7638952384165236
scale: 0.22775273225223225
