original_size: (468, 375)
shift_x: -0.3333
shift_y: -0.7728
angle: -3.5486970796767725
scale: 0.26948464352957996
