original_size: (468, 375)
shift_x: -0.2753
shift_y: 1.7954
angle: 4.244223173531688
scale: 0.24913710686960647
