original_size: (468, 375)
shift_x: 2.1867
shift_y: -0.0896
angle: 4.015731364068687
scale: 0.27248406781963574
