original_size: (468, 375)
shift_x: 0.3856
shift_y: 0.4819
angle: -1.133283413490461
scale: 0.24695305600983328
