original_size: (468, 375)
shift_x: -0.7463
shift_y: 1.2366
angle: -0.08157032548373877
scale: 0.2630921934489537
