original_size: (920, 736)
shift_x: 2.6488
shift_y: -0.5559
angle: -3.956504122843457
scale: 0.2291834552410677
