original_size: (920, 736)
shift_x: -1.5974
shift_y: 1.7232
angle: -4.646962529899824
scale: 0.2604257781033581
