original_size: (920, 736)
shift_x: 1.1423
shift_y: 2.4589
angle: 4.2164797419084135
scale: 0.23684563154201071
