original_size: (920, 736)
shift_x: 0.9729
shift_y: 1.6175
angle: 4.230029377786751
scale: 0.23051931770177056
