original_size: (920, 736)
shift_x: 1.6045
shift_y: 0.9559
angle: -3.400024326544372
scale: 0.24399189206520075
