original_size: (920, 736)
shift_x: -1.3062
shift_y: -1.2053
angle: 0.7869699013604343
scale: 0.26539587102729734
