original_size: (920, 736)
shift_x: -2.8119
shift_y: -0.8528
angle: 3.90736587617503
scale: 0.24919583598807973
