original_size: (920, 736)
shift_x: 1.9254
shift_y: -2.0165
angle: -4.386336146252111
scale: 0.2558605952183001
