original_size: (920, 736)
shift_x: -0.6718
shift_y: 1.3874
angle: -3.7458469898949542
scale: 0.2637720409441865
