original_size: (920, 736)
shift_x: -0.1934
shift_y: 1.9474
angle: -1.0129709179064452
scale: 0.26378421915776434
