original_size: (920, 736)
shift_x: 2.7996
shift_y: 0.2605
angle: 2.1913291109144186
scale: 0.2580009553165649
