original_size: (920, 736)
shift_x: 0.0714
shift_y: -1.6783
angle: -2.8560108424791544
scale: 0.2272247532714086
