original_size: (920, 736)
shift_x: -0.0508
shift_y: -0.8635
angle: 3.1411262249847294
scale: 0.2734901896519828
