original_size: (920, 736)
shift_x: 0.1968
shift_y: -1.2387
angle: 1.016627738293928
scale: 0.2635795614179281
