original_size: (920, 736)
shift_x: 2.2227
shift_y: 0.7548
angle: 3.715707129440627
scale: 0.2665574634589195
