original_size: (920, 736)
shift_x: -0.5341
shift_y: 1.7525
angle: 1.1180058525392713
scale: 0.23422509148267912
