original_size: (920, 736)
shift_x: 0.2136
shift_y: -1.9295
angle: -0.7674778510500033
scale: 0.22611312217575508
