original_size: (920, 736)
shift_x: -2.3328
shift_y: 0.5255
angle: 4.930262915003604
scale: 0.2696974345715357
