original_size: (920, 736)
shift_x: 0.6901
shift_y: -1.1547
angle: -0.43098670977626785
scale: 0.24729403312057102
