original_size: (920, 736)
shift_x: 0.3864
shift_y: -0.7179
angle: 2.7074118948629566
scale: 0.25531930076551074
