original_size: (921, 735)
shift_x: -2.3781
shift_y: 2.9196
angle: -1.3220465143239313
scale: 0.23198963396784975
