original_size: (921, 735)
shift_x: -1.9491
shift_y: -0.0894
angle: 4.603631624871738
scale: 0.2410386372969977
