original_size: (921, 735)
shift_x: -0.1219
shift_y: -0.4738
angle: -2.754485930111259
scale: 0.2270504519485132
