original_size: (921, 735)
shift_x: -2.8331
shift_y: 0.1592
angle: 1.2718757752881782
scale: 0.2639609034816397
