original_size: (921, 735)
shift_x: 0.5678
shift_y: -1.5559
angle: -2.9766211084776186
scale: 0.25713985040582615
