original_size: (921, 735)
shift_x: -0.5580
shift_y: -2.9824
angle: 2.012265625785111
scale: 0.23345491930549886
