original_size: (921, 735)
shift_x: -1.8623
shift_y: 1.2379
angle: 0.1720155238072305
scale: 0.2459228656895333
