original_size: (921, 735)
shift_x: 0.9415
shift_y: -1.7141
angle: 2.9129565423206207
scale: 0.24925285714378687
