original_size: (921, 735)
shift_x: 1.8209
shift_y: 2.6055
angle: 0.9729148394613123
scale: 0.22778617589522213
