original_size: (921, 735)
shift_x: -1.6920
shift_y: -1.3426
angle: 4.926368247353995
scale: 0.2742221504220689
