original_size: (853, 640)
shift_x: -1.5443
shift_y: 1.1565
angle: 1.4627612750027597
scale: 0.27108236196648144
