original_size: (853, 640)
shift_x: -1.8514
shift_y: 2.3958
angle: 4.70607401984979
scale: 0.2588843796633225
