original_size: (853, 640)
shift_x: 1.1445
shift_y: 2.8773
angle: -1.6997763988154357
scale: 0.2555500352008778
