original_size: (853, 640)
shift_x: 2.3484
shift_y: -1.2078
angle: 3.988219412965803
scale: 0.2607668175681158
