original_size: (853, 640)
shift_x: -2.0860
shift_y: 1.3845
angle: 1.3980529128306864
scale: 0.2721320937918292
