original_size: (853, 640)
shift_x: 0.7151
shift_y: -2.4047
angle: 4.5697823314826245
scale: 0.2569730497393467
