original_size: (853, 640)
shift_x: 2.2153
shift_y: -1.0441
angle: -2.619771725375657
scale: 0.2407122304170097
