original_size: (853, 640)
shift_x: -1.6316
shift_y: -0.8671
angle: 0.9759206930113251
scale: 0.2293272802974809
