original_size: (853, 640)
shift_x: -2.0275
shift_y: 1.2221
angle: -3.4432195785520903
scale: 0.27382784686756434
