original_size: (853, 640)
shift_x: 1.3550
shift_y: -2.5578
angle: 4.1847006696364595
scale: 0.2469780727187525
