original_size: (626, 417)
shift_x: -0.0869
shift_y: -0.0230
angle: -0.37050704620437713
scale: 0.26134056921538806
