original_size: (626, 417)
shift_x: 2.2484
shift_y: -2.7752
angle: -2.8451989215840467
scale: 0.26033350474965233
