original_size: (626, 417)
shift_x: -0.6748
shift_y: 0.2537
angle: 3.680816685775632
scale: 0.23368927214422228
