original_size: (626, 417)
shift_x: 0.5622
shift_y: -0.2078
angle: -2.9144946086891297
scale: 0.2662675160621878
