original_size: (626, 417)
shift_x: 1.4236
shift_y: -1.3335
angle: 1.3876235106859633
scale: 0.22539685395618106
