original_size: (626, 417)
shift_x: 2.7613
shift_y: -0.4056
angle: 1.3428226648662829
scale: 0.23274008596408563
