original_size: (626, 417)
shift_x: 0.8943
shift_y: 2.6636
angle: 1.0264970360501096
scale: 0.2543016579812502
