original_size: (626, 417)
shift_x: -0.8020
shift_y: 0.6217
angle: -2.66808771560474
scale: 0.22997024109642553
