original_size: (626, 417)
shift_x: 1.6331
shift_y: -1.0012
angle: -3.785372011050079
scale: 0.2256077275282352
