original_size: (626, 417)
shift_x: -1.9737
shift_y: -1.2668
angle: -2.2420136255982093
scale: 0.22556716632529267
