original_size: (525, 735)
shift_x: -0.1536
shift_y: 1.0052
angle: -2.834677165449162
scale: 0.2412430364423912
