original_size: (525, 735)
shift_x: -0.9958
shift_y: -0.8914
angle: 0.5328283978961021
scale: 0.24831847697810422
