original_size: (525, 735)
shift_x: 0.9788
shift_y: -0.2210
angle: 4.837670743146308
scale: 0.23635592469074998
