original_size: (525, 735)
shift_x: 1.7231
shift_y: -2.0566
angle: -1.7443996255512886
scale: 0.2513908443979685
