original_size: (525, 735)
shift_x: -0.5307
shift_y: 1.2917
angle: 1.438451167984832
scale: 0.23152695240311363
