original_size: (525, 735)
shift_x: 1.4159
shift_y: 0.1861
angle: 1.0993848785848073
scale: 0.2513588803034067
