original_size: (525, 735)
shift_x: 2.3086
shift_y: 0.4667
angle: -0.39031776431643017
scale: 0.2505874707326516
