original_size: (525, 735)
shift_x: 2.9145
shift_y: 0.0110
angle: -0.8056344185473119
scale: 0.23861316190882456
