original_size: (525, 735)
shift_x: 2.6061
shift_y: 2.5638
angle: 4.2466744206171505
scale: 0.2468399048415632
