original_size: (525, 735)
shift_x: -2.6774
shift_y: -2.1063
angle: -1.8748987468319744
scale: 0.25420657166551464
