original_size: (1313, 736)
shift_x: -0.7419
shift_y: 1.6338
angle: 3.3257032369670902
scale: 0.23015484321265448
