original_size: (1313, 736)
shift_x: 2.2167
shift_y: 2.7434
angle: 2.7384623053880564
scale: 0.24577000003312707
