original_size: (1313, 736)
shift_x: 0.5066
shift_y: -2.4688
angle: -0.41011413745699077
scale: 0.2745959706612499
