original_size: (1313, 736)
shift_x: 0.6256
shift_y: 2.7874
angle: 3.011354873520748
scale: 0.2355798176173983
