original_size: (1313, 736)
shift_x: 0.1536
shift_y: 1.2180
angle: -3.6660317233252404
scale: 0.24689880523574487
