original_size: (1313, 736)
shift_x: -0.2964
shift_y: 1.9427
angle: -1.689719322363099
scale: 0.27086961966948553
