original_size: (1313, 736)
shift_x: 2.4267
shift_y: 0.7116
angle: 1.9364293642935548
scale: 0.2626214532043175
