original_size: (1313, 736)
shift_x: 2.6332
shift_y: 1.7530
angle: 0.12532004572116584
scale: 0.23525991040804833
