original_size: (1313, 736)
shift_x: -0.8903
shift_y: 0.7198
angle: 3.293738147256807
scale: 0.2294608578645221
