original_size: (1313, 736)
shift_x: -2.2892
shift_y: 0.4255
angle: 2.066059506729605
scale: 0.2555421163646339
