original_size: (900, 600)
shift_x: -1.0081
shift_y: -1.9062
angle: 3.4578705390094484
scale: 0.24029472978114724
