original_size: (900, 600)
shift_x: -2.3591
shift_y: 2.6955
angle: -4.502217093043061
scale: 0.22989470653946503
