original_size: (900, 600)
shift_x: -1.0235
shift_y: -1.2886
angle: -3.656564996676328
scale: 0.26591158081257527
