original_size: (900, 600)
shift_x: 0.8702
shift_y: -1.9507
angle: 1.9774704397736
scale: 0.2581563316928709
