original_size: (900, 600)
shift_x: -0.6778
shift_y: -1.1483
angle: 1.8472468954102403
scale: 0.24197555520467595
