original_size: (900, 600)
shift_x: -0.1848
shift_y: -2.0103
angle: -3.946102628894864
scale: 0.2533877676189979
