original_size: (900, 600)
shift_x: 1.3846
shift_y: -2.1658
angle: 0.4366880841672831
scale: 0.27487654662706706
