original_size: (900, 600)
shift_x: 2.3915
shift_y: -2.6473
angle: -4.211662853579478
scale: 0.23514293688758386
