original_size: (900, 600)
shift_x: 0.7113
shift_y: -1.1861
angle: -3.597646102469106
scale: 0.2573364344937976
