original_size: (900, 600)
shift_x: 0.1211
shift_y: 1.2996
angle: 2.9275144641083317
scale: 0.27192650789054107
