original_size: (1111, 736)
shift_x: -1.8444
shift_y: 1.4725
angle: 3.1365286327923645
scale: 0.2642812186166192
