original_size: (1111, 736)
shift_x: -2.8857
shift_y: -0.1373
angle: 2.107352598994482
scale: 0.23547608031871853
