original_size: (1111, 736)
shift_x: 0.3105
shift_y: 1.4264
angle: -4.683671874155292
scale: 0.22732034160221537
