original_size: (1111, 736)
shift_x: -2.2611
shift_y: -2.6346
angle: 3.869278024564254
scale: 0.2324165746956251
