original_size: (1111, 736)
shift_x: 2.7310
shift_y: 2.7125
angle: -0.06215018832063812
scale: 0.2301186214961026
