original_size: (1111, 736)
shift_x: 2.6543
shift_y: -0.4079
angle: -0.6368880490103219
scale: 0.2551138352936712
