original_size: (1111, 736)
shift_x: 0.4952
shift_y: 1.9413
angle: 2.5752447675407435
scale: 0.23363838587135607
