original_size: (1111, 736)
shift_x: -0.6132
shift_y: 0.4235
angle: -2.0580064685353747
scale: 0.24065955604084366
