original_size: (1111, 736)
shift_x: 2.2288
shift_y: 0.7666
angle: 4.074266358906495
scale: 0.24224336787639794
