original_size: (1111, 736)
shift_x: -1.2311
shift_y: -0.4341
angle: -1.8561189243888156
scale: 0.24003151180683024
