original_size: (736, 736)
shift_x: -1.7985
shift_y: -1.5709
angle: -0.2720188763744087
scale: 0.2691810599875902
