original_size: (736, 736)
shift_x: 2.8084
shift_y: 0.3925
angle: -0.12379653054555462
scale: 0.23198138706560922
