original_size: (736, 736)
shift_x: 0.6233
shift_y: 0.8722
angle: -3.2773828051329223
scale: 0.255968868011859
