original_size: (736, 736)
shift_x: -0.5636
shift_y: 1.4583
angle: -3.2616950329716934
scale: 0.25633960882410933
