original_size: (736, 736)
shift_x: 0.7627
shift_y: 0.6454
angle: -0.29347378051970985
scale: 0.25158269822171975
