original_size: (736, 736)
shift_x: 1.1364
shift_y: -2.6306
angle: 4.514703273203031
scale: 0.25120056952256253
