original_size: (736, 736)
shift_x: 2.2340
shift_y: 2.2689
angle: -0.37883479603465187
scale: 0.26450358849278127
