original_size: (736, 736)
shift_x: -0.4086
shift_y: -0.5226
angle: -1.9958391472593853
scale: 0.27435858772232025
