original_size: (736, 736)
shift_x: -1.1842
shift_y: 0.9281
angle: 0.3063163257262316
scale: 0.2634358386758877
