original_size: (736, 736)
shift_x: -1.8553
shift_y: 2.3232
angle: -3.6830973531149525
scale: 0.23229013513933608
