original_size: (490, 735)
shift_x: -2.9255
shift_y: 2.8014
angle: 2.838033720174055
scale: 0.24664530855589548
