original_size: (490, 735)
shift_x: -0.2708
shift_y: -2.0370
angle: 0.7017035403039307
scale: 0.26110563454118885
