original_size: (490, 735)
shift_x: -1.9566
shift_y: -1.1963
angle: 3.3466349612213193
scale: 0.26964941073969595
