original_size: (490, 735)
shift_x: 1.2625
shift_y: -0.8854
angle: 3.6022165568934295
scale: 0.2587240839123505
