original_size: (490, 735)
shift_x: 0.0286
shift_y: 1.6735
angle: 3.839355298329302
scale: 0.23039728551075714
