original_size: (490, 735)
shift_x: -0.4194
shift_y: -2.6221
angle: -2.6806371413435013
scale: 0.2566750660810269
