original_size: (490, 735)
shift_x: 2.0186
shift_y: 0.3433
angle: 4.7267344250993
scale: 0.23374110530943729
