original_size: (490, 735)
shift_x: 2.1780
shift_y: 0.1436
angle: -3.1413993184849867
scale: 0.2693403814647964
