original_size: (490, 735)
shift_x: 2.2371
shift_y: 2.9797
angle: -2.976294890372081
scale: 0.25034278042375585
