original_size: (490, 735)
shift_x: -1.1432
shift_y: 0.9557
angle: 0.19049605919321166
scale: 0.2672255168592462
