original_size: (591, 474)
shift_x: 2.9909
shift_y: -0.6279
angle: -1.379534319102893
scale: 0.2650705362130844
