original_size: (591, 474)
shift_x: -0.8706
shift_y: 0.5428
angle: -4.706187703940509
scale: 0.22738168091507255
