original_size: (591, 474)
shift_x: -0.3585
shift_y: 1.9035
angle: -0.7748871101839185
scale: 0.23860454571468429
