original_size: (591, 474)
shift_x: -1.7288
shift_y: 0.7588
angle: 2.658226198937231
scale: 0.2481796377860192
