original_size: (591, 474)
shift_x: 1.0549
shift_y: 0.3697
angle: -4.965691168859674
scale: 0.23492421787044337
