original_size: (591, 474)
shift_x: 1.5935
shift_y: 2.0825
angle: 4.83316205249872
scale: 0.2507671395456032
