original_size: (591, 474)
shift_x: -1.2239
shift_y: 1.6209
angle: -1.5803074082672541
scale: 0.2477318108399605
