original_size: (591, 474)
shift_x: -0.8663
shift_y: 0.7577
angle: 0.43610260283470303
scale: 0.24693395393121959
