original_size: (591, 474)
shift_x: -2.4865
shift_y: -2.1558
angle: 0.22470876895877545
scale: 0.24239900550177387
