original_size: (591, 474)
shift_x: 2.5416
shift_y: 1.6530
angle: -0.6841750722620832
scale: 0.25481326568685175
