original_size: (736, 736)
shift_x: 2.9838
shift_y: 1.3732
angle: -1.436064278898257
scale: 0.26059586332279927
