original_size: (736, 736)
shift_x: 1.4696
shift_y: 0.7974
angle: -1.012198731123779
scale: 0.23871949409116167
