original_size: (736, 736)
shift_x: -0.6089
shift_y: -1.5167
angle: 3.429855758576437
scale: 0.2615111669005903
