original_size: (736, 736)
shift_x: 0.0248
shift_y: 1.5569
angle: -4.547197471598022
scale: 0.25732436359657795
