original_size: (736, 736)
shift_x: -0.3913
shift_y: 2.4901
angle: 2.416930401634259
scale: 0.27062911248515814
