original_size: (736, 736)
shift_x: -2.4807
shift_y: -1.3967
angle: 4.832027875693729
scale: 0.25847781778351114
