original_size: (736, 736)
shift_x: -0.0884
shift_y: -1.7139
angle: -3.3155027174045615
scale: 0.24151923908389378
