original_size: (736, 736)
shift_x: 0.5783
shift_y: -2.6713
angle: 4.026426659832325
scale: 0.24736531899417777
