original_size: (736, 736)
shift_x: -2.4998
shift_y: 2.7081
angle: -1.6802224831435497
scale: 0.23309999943561208
