original_size: (736, 736)
shift_x: -2.8872
shift_y: 2.7394
angle: 4.263424114325424
scale: 0.23107764959613372
