original_size: (981, 736)
shift_x: 2.3038
shift_y: 2.3911
angle: -1.6295109992539167
scale: 0.24566675735191776
