original_size: (981, 736)
shift_x: -0.8101
shift_y: 0.1633
angle: 2.9930886783629918
scale: 0.24148253221608973
