original_size: (981, 736)
shift_x: -2.5551
shift_y: 2.7744
angle: -0.67993545069828
scale: 0.25733170846674475
