original_size: (981, 736)
shift_x: 2.4005
shift_y: -0.2222
angle: 0.23689707513735847
scale: 0.2267585297929364
