original_size: (981, 736)
shift_x: -2.4340
shift_y: -2.4056
angle: -0.6532469232785489
scale: 0.2334450652931383
