original_size: (981, 736)
shift_x: -1.1643
shift_y: -0.0957
angle: 2.548421737447912
scale: 0.2365790278880629
