original_size: (981, 736)
shift_x: 0.2504
shift_y: 2.7114
angle: -0.2852622704966734
scale: 0.26608920659422763
