original_size: (981, 736)
shift_x: -2.3725
shift_y: 1.8317
angle: -1.938509861763067
scale: 0.27372459027500573
