original_size: (981, 736)
shift_x: 1.3159
shift_y: 2.8082
angle: -4.516152886253597
scale: 0.258673278640652
