original_size: (981, 736)
shift_x: 0.9993
shift_y: -0.8888
angle: -0.18645801237925141
scale: 0.2431672301200207
