original_size: (736, 736)
shift_x: 1.2034
shift_y: -2.9722
angle: 4.4387658641910015
scale: 0.25861874056708717
