original_size: (736, 736)
shift_x: 0.9586
shift_y: -0.3921
angle: -0.03470741564878388
scale: 0.2611245227691177
