original_size: (736, 736)
shift_x: -0.9228
shift_y: -1.3376
angle: -1.6586859010862232
scale: 0.2572565371829353
