original_size: (736, 736)
shift_x: -0.6366
shift_y: -1.4929
angle: 2.4956793248725617
scale: 0.2302893255999731
