original_size: (736, 736)
shift_x: 1.2069
shift_y: 1.0051
angle: -2.880065669469427
scale: 0.2321264261797833
