original_size: (736, 736)
shift_x: -1.1842
shift_y: 0.4422
angle: -0.44810913306690825
scale: 0.25721569046230147
