original_size: (736, 736)
shift_x: 0.5661
shift_y: -0.9884
angle: 2.1484656914593456
scale: 0.24892494447908128
