original_size: (736, 736)
shift_x: 1.9320
shift_y: 1.6630
angle: 4.221459484727188
scale: 0.24817457708446458
