original_size: (736, 736)
shift_x: 1.9591
shift_y: 0.4884
angle: 4.822533529313034
scale: 0.2741468397652743
