original_size: (736, 736)
shift_x: -1.9825
shift_y: -2.2220
angle: 4.0859831911061235
scale: 0.2540745028618053
