original_size: (497, 634)
shift_x: -1.9236
shift_y: 1.3357
angle: 2.8085927923387715
scale: 0.26998390935855365
