original_size: (497, 634)
shift_x: -0.3423
shift_y: -0.6679
angle: -2.573635497437181
scale: 0.24431075832136012
