original_size: (497, 634)
shift_x: -0.7909
shift_y: 2.5319
angle: 0.0797286079113082
scale: 0.26144597993857555
