original_size: (497, 634)
shift_x: -0.5919
shift_y: 2.0929
angle: -3.464462799854444
scale: 0.2521859485233354
