original_size: (497, 634)
shift_x: -0.7801
shift_y: 1.1826
angle: -1.4364600581895006
scale: 0.256684854325315
