original_size: (497, 634)
shift_x: 1.4127
shift_y: -0.9800
angle: 2.0685622408600013
scale: 0.24593038999773179
