original_size: (497, 634)
shift_x: -1.3093
shift_y: 1.9419
angle: 0.33487511696486827
scale: 0.2716344377042762
