original_size: (497, 634)
shift_x: -2.6539
shift_y: -0.8040
angle: 0.11431529984209376
scale: 0.2563780774305443
