original_size: (497, 634)
shift_x: -2.0785
shift_y: 0.3980
angle: 2.73204919951578
scale: 0.2571272142932552
