original_size: (497, 634)
shift_x: 0.6565
shift_y: 2.5160
angle: -3.2366398685296627
scale: 0.24983230281463686
