original_size: (981, 736)
shift_x: -6.6673
shift_y: -2.8958
angle: -1.7516740738379024
scale: 0.12241041327292015
