original_size: (981, 736)
shift_x: -1.7313
shift_y: -4.5419
angle: 0.9328032963580526
scale: 0.1162577463072088
