original_size: (981, 736)
shift_x: -3.7777
shift_y: 4.5644
angle: -2.750958543307027
scale: 0.11434108084522608
