original_size: (981, 736)
shift_x: 3.5907
shift_y: -3.4822
angle: 2.4331024356043383
scale: 0.12777046008018886
