original_size: (981, 736)
shift_x: -2.4574
shift_y: -3.4686
angle: -4.920530440456852
scale: 0.1351504642828536
