original_size: (981, 736)
shift_x: -4.5945
shift_y: -3.3652
angle: 2.601495042811668
scale: 0.13159260833523923
