original_size: (981, 736)
shift_x: -4.1683
shift_y: -1.0701
angle: 0.666903264441193
scale: 0.12799948135990732
