original_size: (981, 736)
shift_x: -1.5312
shift_y: -6.5689
angle: -3.8365693639460394
scale: 0.12259512262352482
