original_size: (981, 736)
shift_x: -5.2947
shift_y: -5.7674
angle: 4.406970070665414
scale: 0.1354733872308854
