original_size: (981, 736)
shift_x: 6.0049
shift_y: 3.2261
angle: 3.15079675151577
scale: 0.12524662009706308
