original_size: (981, 736)
shift_x: 3.3702
shift_y: 5.8937
angle: 4.342324482932673
scale: 0.13221159160884619
