original_size: (981, 736)
shift_x: 0.7995
shift_y: 5.4078
angle: -0.039841339320294544
scale: 0.12995005939579576
