original_size: (981, 736)
shift_x: -5.6512
shift_y: -4.8324
angle: -2.3779489383831063
scale: 0.12626684141060138
