original_size: (981, 736)
shift_x: -4.6846
shift_y: -4.0107
angle: -3.5943461186455963
scale: 0.12162255351543963
