original_size: (981, 736)
shift_x: 0.8146
shift_y: -1.5641
angle: 4.071620994947859
scale: 0.13174345317378938
