original_size: (981, 736)
shift_x: 4.6269
shift_y: -2.3428
angle: -1.559288159563108
scale: 0.12086844606118873
