original_size: (981, 736)
shift_x: -0.0412
shift_y: 1.7304
angle: -0.6221350654998723
scale: 0.11685815213220509
