original_size: (981, 736)
shift_x: -0.5840
shift_y: 0.1382
angle: 2.1213860822731414
scale: 0.12157355097686019
