original_size: (981, 736)
shift_x: 1.5898
shift_y: -5.6815
angle: 4.120365764729447
scale: 0.12100862337509052
