original_size: (981, 736)
shift_x: -0.5704
shift_y: -3.6646
angle: 1.3947879584588376
scale: 0.13137071275568743
