original_size: (1309, 736)
shift_x: 5.6365
shift_y: -5.3279
angle: -4.321680925079771
scale: 0.13558223109306447
