original_size: (1309, 736)
shift_x: 1.8632
shift_y: 0.2805
angle: 1.2508514651025031
scale: 0.1165771044355577
