original_size: (1309, 736)
shift_x: -2.5110
shift_y: -3.2541
angle: 0.8768535706952418
scale: 0.1247710951296889
