original_size: (1309, 736)
shift_x: 2.7956
shift_y: -0.5381
angle: -4.08193631539517
scale: 0.11346490766060548
