original_size: (1309, 736)
shift_x: 5.4069
shift_y: 3.8121
angle: -2.8790911724154133
scale: 0.13365484919467557
