original_size: (1309, 736)
shift_x: 5.2424
shift_y: 4.9500
angle: 4.369156875884519
scale: 0.1285614369316085
