original_size: (1309, 736)
shift_x: 5.7867
shift_y: -0.8077
angle: -4.981212038679109
scale: 0.12386050701454135
