original_size: (1309, 736)
shift_x: 4.3776
shift_y: -4.4404
angle: -0.10468002837336599
scale: 0.12183978663968435
