original_size: (1309, 736)
shift_x: 3.7730
shift_y: -5.3724
angle: 3.3459142350551048
scale: 0.12063707865131351
