original_size: (1309, 736)
shift_x: 3.9831
shift_y: -6.3570
angle: 2.8512831918807313
scale: 0.13529629552513125
