original_size: (981, 736)
shift_x: -1.3340
shift_y: 6.5032
angle: -3.9463861941366805
scale: 0.11453276702355768
