original_size: (981, 736)
shift_x: -1.4999
shift_y: -2.7437
angle: 2.019636174354452
scale: 0.11580574940744824
