original_size: (981, 736)
shift_x: -2.8877
shift_y: -1.1059
angle: 4.9275794692700945
scale: 0.11676188050898875
