original_size: (981, 736)
shift_x: 0.9262
shift_y: -3.7785
angle: -3.117197927366986
scale: 0.11284609903574044
