original_size: (981, 736)
shift_x: -4.3797
shift_y: 3.9781
angle: 0.8591130406490439
scale: 0.12310696746842446
