original_size: (981, 736)
shift_x: -6.8111
shift_y: 2.8180
angle: 3.3338023894744886
scale: 0.12133229857901949
