original_size: (981, 736)
shift_x: -6.9553
shift_y: 6.8673
angle: 3.270411955033504
scale: 0.1173841886800812
