original_size: (981, 736)
shift_x: 5.4222
shift_y: -6.8197
angle: 2.3801469474539703
scale: 0.11369436377657456
