original_size: (981, 736)
shift_x: 2.2982
shift_y: 0.6783
angle: 4.255030488859896
scale: 0.130979904064369
