original_size: (981, 736)
shift_x: 0.4344
shift_y: 6.0447
angle: -1.2060683069189126
scale: 0.12653163799701675
