original_size: (981, 736)
shift_x: 2.2811
shift_y: 0.1539
angle: -4.618026853807679
scale: 0.12115693854013847
