original_size: (981, 736)
shift_x: -1.3502
shift_y: -3.4504
angle: -4.386218511513869
scale: 0.12049607951946652
