original_size: (981, 736)
shift_x: 3.0618
shift_y: 1.7054
angle: -4.739503628432922
scale: 0.13175967371797653
