original_size: (981, 736)
shift_x: -3.3013
shift_y: 3.0300
angle: 1.2093286486366512
scale: 0.13535318684243505
