original_size: (981, 736)
shift_x: -1.5728
shift_y: 3.9248
angle: 2.946299766150889
scale: 0.12885713280959868
