original_size: (981, 736)
shift_x: 4.7164
shift_y: 2.9516
angle: -1.8271268037917499
scale: 0.12828567004444805
