original_size: (981, 736)
shift_x: -1.7200
shift_y: 1.1641
angle: 3.905231755302289
scale: 0.1355124809059587
