original_size: (981, 736)
shift_x: 5.4099
shift_y: 4.6902
angle: 1.3869060815625724
scale: 0.13309037112266453
