original_size: (981, 736)
shift_x: -0.1927
shift_y: -2.2743
angle: 4.181313385437795
scale: 0.13167056180755676
