original_size: (981, 736)
shift_x: 1.4228
shift_y: -5.6277
angle: 0.12569623123303408
scale: 0.12477178062494344
