original_size: (920, 736)
shift_x: 4.2645
shift_y: -3.0050
angle: -0.858550372885877
scale: 0.11402493921154279
