original_size: (920, 736)
shift_x: -5.9678
shift_y: -1.8876
angle: -4.739782694373121
scale: 0.12235287056614862
