original_size: (920, 736)
shift_x: -3.3930
shift_y: 1.1217
angle: -2.493869577237795
scale: 0.11517092720054213
