original_size: (920, 736)
shift_x: -1.5820
shift_y: 3.2258
angle: 2.913473812986945
scale: 0.12447992745695699
