original_size: (920, 736)
shift_x: -1.6638
shift_y: -4.6986
angle: -0.6050894508027902
scale: 0.1327578284890179
