original_size: (920, 736)
shift_x: 0.1088
shift_y: -6.1114
angle: 2.635290938107807
scale: 0.12760842280248857
