original_size: (920, 736)
shift_x: 4.4043
shift_y: -6.1140
angle: -0.6012231662721952
scale: 0.12013269988783398
