original_size: (920, 736)
shift_x: 0.9412
shift_y: 1.0918
angle: 2.458278458782206
scale: 0.1205113135320372
