original_size: (920, 736)
shift_x: -6.7063
shift_y: 3.8109
angle: -3.618525528759168
scale: 0.12456394741560536
