original_size: (920, 736)
shift_x: 1.7271
shift_y: 6.0471
angle: 0.40392497601456867
scale: 0.11856682207718
