original_size: (1001, 736)
shift_x: -0.0261
shift_y: -3.5700
angle: 3.9499116319213172
scale: 0.12753368309949722
