original_size: (1001, 736)
shift_x: 0.5692
shift_y: -2.6488
angle: 3.5932871417887995
scale: 0.1332776946553374
