original_size: (1001, 736)
shift_x: -3.9597
shift_y: -2.2785
angle: 1.0468665363272684
scale: 0.1216465964630758
