original_size: (1001, 736)
shift_x: 1.1489
shift_y: 3.1022
angle: 1.4938076752150131
scale: 0.1330064549217845
