original_size: (1001, 736)
shift_x: -0.3089
shift_y: 3.7533
angle: 1.02040152748706
scale: 0.11305224761520431
