original_size: (1001, 736)
shift_x: -2.4209
shift_y: -1.0436
angle: 0.6957000601341328
scale: 0.13313427381517617
