original_size: (1001, 736)
shift_x: -3.6500
shift_y: -0.9136
angle: -1.8742945411340175
scale: 0.1204220340116725
