original_size: (1001, 736)
shift_x: -5.1399
shift_y: -1.9468
angle: 1.6677799441139758
scale: 0.1269029606001643
