original_size: (1001, 736)
shift_x: 5.1580
shift_y: -5.7241
angle: -2.2133621987626406
scale: 0.12259122435572621
