original_size: (1001, 736)
shift_x: -1.9802
shift_y: -5.3130
angle: 1.7884225302552164
scale: 0.11529866803216401
