original_size: (800, 449)
shift_x: 6.7243
shift_y: -3.0187
angle: 1.4780585573058103
scale: 0.11976718746531724
