original_size: (800, 449)
shift_x: -6.3402
shift_y: -4.8510
angle: 0.27264608100822674
scale: 0.11424205433376584
