original_size: (800, 449)
shift_x: -3.0380
shift_y: 2.6334
angle: -2.522199358592255
scale: 0.12610224199591424
