original_size: (800, 449)
shift_x: -2.5359
shift_y: -1.2361
angle: -2.7215958368811757
scale: 0.13506234971328995
