original_size: (800, 449)
shift_x: -4.3712
shift_y: -1.6192
angle: -3.4956242006082903
scale: 0.12284609304865636
