original_size: (800, 449)
shift_x: -5.9953
shift_y: 5.1949
angle: 0.13882619561945564
scale: 0.13667761250470442
