original_size: (800, 449)
shift_x: -6.4167
shift_y: 2.6698
angle: 1.71322601526691
scale: 0.13498576644951638
