original_size: (800, 449)
shift_x: 1.3301
shift_y: 0.3682
angle: 0.35521313692083645
scale: 0.1148019465897907
