original_size: (800, 449)
shift_x: 0.1234
shift_y: -4.2741
angle: -0.949861348486083
scale: 0.11439057781395987
