original_size: (800, 449)
shift_x: -0.6178
shift_y: -3.5774
angle: -4.099413705085368
scale: 0.13411158941202755
