original_size: (981, 736)
shift_x: 3.4677
shift_y: 2.9551
angle: -4.019547298476052
scale: 0.11529852616924724
