original_size: (981, 736)
shift_x: -0.8060
shift_y: 5.3956
angle: 0.6000938022698277
scale: 0.13369128507538297
