original_size: (981, 736)
shift_x: -2.9977
shift_y: -3.6805
angle: -2.998601548411879
scale: 0.12155792611633565
