original_size: (981, 736)
shift_x: 4.2678
shift_y: -3.9529
angle: 4.123560815591787
scale: 0.1194091887191719
