original_size: (981, 736)
shift_x: -2.8513
shift_y: -3.4774
angle: 2.8471523833166916
scale: 0.11985052840199212
