original_size: (981, 736)
shift_x: -1.0990
shift_y: 0.0599
angle: 1.3982941516162022
scale: 0.11815996415441708
