original_size: (981, 736)
shift_x: 6.6425
shift_y: 3.5075
angle: 4.024307751801084
scale: 0.131237835699975
