original_size: (981, 736)
shift_x: -6.1144
shift_y: 6.9584
angle: 4.597028101597493
scale: 0.13244020370159149
