original_size: (981, 736)
shift_x: 5.7650
shift_y: 6.4431
angle: -0.7636950800123845
scale: 0.12425041329868919
