original_size: (981, 736)
shift_x: -0.8741
shift_y: -3.9030
angle: -2.520561770952553
scale: 0.1372732262442428
