original_size: (1104, 736)
shift_x: 6.2544
shift_y: -3.8663
angle: -4.019468463656157
scale: 0.1348289987218291
