original_size: (1104, 736)
shift_x: -6.7154
shift_y: -2.0188
angle: -3.36421955990995
scale: 0.11379888136917539
