original_size: (1104, 736)
shift_x: -3.9757
shift_y: -3.3983
angle: 4.22684139815993
scale: 0.13306592155941904
