original_size: (1104, 736)
shift_x: 5.8078
shift_y: 5.8309
angle: 3.042813194655995
scale: 0.13594769156730444
