original_size: (1104, 736)
shift_x: 4.5875
shift_y: -4.0124
angle: -0.9042383931981028
scale: 0.12944539537252625
