original_size: (1104, 736)
shift_x: 0.4840
shift_y: -2.7084
angle: -2.502330683816185
scale: 0.132443617030934
