original_size: (1104, 736)
shift_x: 2.2653
shift_y: 4.9434
angle: 4.262352934302921
scale: 0.13686554723912367
