original_size: (1104, 736)
shift_x: 1.3086
shift_y: -6.6237
angle: -0.09157970538490012
scale: 0.1137985437834931
