original_size: (1104, 736)
shift_x: -2.5556
shift_y: -4.4726
angle: -1.1079970637337144
scale: 0.11731169700170588
