original_size: (1104, 736)
shift_x: -1.3151
shift_y: 3.9751
angle: 3.3444483909385205
scale: 0.12629975577723687
