original_size: (981, 736)
shift_x: 5.6171
shift_y: 2.8729
angle: -4.234394541345812
scale: 0.13281889490983068
