original_size: (981, 736)
shift_x: 2.2124
shift_y: -2.0040
angle: 4.8823928030179715
scale: 0.1337325211219685
