original_size: (981, 736)
shift_x: 3.2469
shift_y: -5.9210
angle: -4.09534779135031
scale: 0.11999227019675773
