original_size: (981, 736)
shift_x: -1.8222
shift_y: -6.3848
angle: 0.011426503204291727
scale: 0.12889587025955646
