original_size: (981, 736)
shift_x: -0.1990
shift_y: -5.3859
angle: 0.45389959460550067
scale: 0.11653206822139803
