original_size: (981, 736)
shift_x: 4.1458
shift_y: 3.5641
angle: 4.806934491260725
scale: 0.1280214828352651
