original_size: (981, 736)
shift_x: 6.2778
shift_y: -3.7036
angle: -3.3380783957305105
scale: 0.12595955239653037
