original_size: (981, 736)
shift_x: 1.6510
shift_y: 4.0829
angle: -2.1606212413823545
scale: 0.12697381647713155
