original_size: (981, 736)
shift_x: -0.0324
shift_y: -3.0435
angle: 4.729833535766328
scale: 0.11925725794953365
