original_size: (981, 736)
shift_x: 6.1343
shift_y: -3.7452
angle: -1.533217185507052
scale: 0.13362261771935335
