original_size: (1136, 640)
shift_x: -5.5972
shift_y: 3.5581
angle: 4.87837775649122
scale: 0.12884673804945854
