original_size: (1136, 640)
shift_x: 2.9333
shift_y: -5.6364
angle: -3.3060717709751373
scale: 0.11303663171106912
