original_size: (1136, 640)
shift_x: -2.5421
shift_y: -1.1974
angle: -2.840448713890249
scale: 0.11971534988733099
