original_size: (1136, 640)
shift_x: -6.5146
shift_y: -5.3167
angle: 2.807480490427622
scale: 0.1270376351964132
