original_size: (1136, 640)
shift_x: 3.2551
shift_y: 6.4594
angle: -1.103649880673955
scale: 0.12351101606132465
