original_size: (1136, 640)
shift_x: -0.0413
shift_y: 5.8205
angle: -1.853145830759754
scale: 0.11736889627938223
