original_size: (1136, 640)
shift_x: -0.7245
shift_y: -3.7503
angle: -4.963043933976192
scale: 0.1360780161851913
