original_size: (1136, 640)
shift_x: 2.8213
shift_y: 3.1742
angle: -1.5179886279432022
scale: 0.11928062186222993
