original_size: (1136, 640)
shift_x: 4.2770
shift_y: 2.3504
angle: -4.512380374899628
scale: 0.11790238468521715
