original_size: (1136, 640)
shift_x: -1.0756
shift_y: 6.1647
angle: 3.7804332088725516
scale: 0.12313333723752884
