original_size: (736, 736)
shift_x: -3.1529
shift_y: 5.3528
angle: 2.6863037241240253
scale: 0.11320149771208679
