original_size: (736, 736)
shift_x: -2.9750
shift_y: -3.8001
angle: -4.2360333567782575
scale: 0.13561188588941936
