original_size: (736, 736)
shift_x: 2.1994
shift_y: 6.3982
angle: 1.385184461395001
scale: 0.13107862429520029
