original_size: (736, 736)
shift_x: -2.0646
shift_y: 1.7259
angle: 1.8609048620554258
scale: 0.12829779422487037
