original_size: (736, 736)
shift_x: 3.5702
shift_y: 6.7554
angle: -3.8694637381427146
scale: 0.12005892420916726
