original_size: (736, 736)
shift_x: -5.5278
shift_y: -1.3113
angle: 3.402458300295649
scale: 0.12641512867117105
