original_size: (736, 736)
shift_x: 1.2821
shift_y: 6.5208
angle: 3.5936622949518924
scale: 0.1222490755659199
