original_size: (736, 736)
shift_x: 4.3583
shift_y: 2.3485
angle: 4.195975329893811
scale: 0.11642981318050193
