original_size: (736, 736)
shift_x: -4.8060
shift_y: 4.4220
angle: 2.9316790162664743
scale: 0.13494625763116164
