original_size: (736, 736)
shift_x: -6.1398
shift_y: -1.3444
angle: -2.31884562220813
scale: 0.12211062275336977
