original_size: (920, 736)
shift_x: -6.8089
shift_y: -6.4038
angle: 1.2435326620916118
scale: 0.1374959963775677
