original_size: (920, 736)
shift_x: 6.5989
shift_y: -0.0811
angle: 3.8573838499128
scale: 0.1323247629818963
