original_size: (920, 736)
shift_x: 4.0127
shift_y: 4.6363
angle: 0.4635700976056212
scale: 0.1319673703137801
