original_size: (920, 736)
shift_x: -1.2469
shift_y: 3.2644
angle: -4.118833669157693
scale: 0.13307002366352583
