original_size: (920, 736)
shift_x: -3.4651
shift_y: -3.3842
angle: -2.857649940359588
scale: 0.13734256100286127
