original_size: (920, 736)
shift_x: 0.9993
shift_y: -6.7239
angle: -2.2813556573096294
scale: 0.1272990750472878
