original_size: (920, 736)
shift_x: 2.0779
shift_y: -3.4827
angle: -2.831469279676302
scale: 0.1154902719929566
