original_size: (920, 736)
shift_x: -0.1888
shift_y: 0.8859
angle: 3.8895021202332583
scale: 0.11669204576942788
