original_size: (920, 736)
shift_x: -0.2307
shift_y: 6.4558
angle: -1.8932639315731228
scale: 0.11852299044355363
