original_size: (920, 736)
shift_x: 3.3965
shift_y: 5.8447
angle: -3.0491736723068072
scale: 0.11889467525005094
