original_size: (981, 736)
shift_x: -4.0331
shift_y: -0.6206
angle: -4.750560628751279
scale: 0.11456990800339793
