original_size: (981, 736)
shift_x: -0.5169
shift_y: 4.8901
angle: 3.399984084553626
scale: 0.12590073807710186
