original_size: (981, 736)
shift_x: 2.4747
shift_y: 0.1124
angle: 1.0686727221084338
scale: 0.13654666575774635
