original_size: (981, 736)
shift_x: 2.6408
shift_y: 5.4982
angle: -2.490206033354889
scale: 0.13127997875608782
