original_size: (981, 736)
shift_x: 5.0184
shift_y: -2.3425
angle: 4.497762883868727
scale: 0.12181965915070583
