original_size: (981, 736)
shift_x: 5.2997
shift_y: 6.6318
angle: -4.8059775435449295
scale: 0.11487027932714036
