original_size: (981, 736)
shift_x: 6.5496
shift_y: 5.8862
angle: 2.541648270888337
scale: 0.13480649364780656
