original_size: (981, 736)
shift_x: -0.4677
shift_y: -2.4550
angle: -1.1816844762187797
scale: 0.12025836631700883
