original_size: (981, 736)
shift_x: -2.8871
shift_y: 0.8776
angle: -4.318175872608522
scale: 0.13330715899082016
