original_size: (981, 736)
shift_x: 1.0372
shift_y: 6.6631
angle: -2.2387725997945553
scale: 0.1233553189392941
