original_size: (552, 736)
shift_x: -0.7466
shift_y: 6.8459
angle: 2.6776483936702276
scale: 0.11504964894910519
