original_size: (552, 736)
shift_x: 3.4318
shift_y: 1.5490
angle: 4.442511928336732
scale: 0.13615377280660895
