original_size: (552, 736)
shift_x: -3.9447
shift_y: 0.3715
angle: 0.5289997572846818
scale: 0.1351507134703033
