original_size: (552, 736)
shift_x: 4.2897
shift_y: -3.5020
angle: -4.409092413939027
scale: 0.12637993324593857
