original_size: (552, 736)
shift_x: -6.7539
shift_y: 0.2364
angle: -1.2602065268023699
scale: 0.12126365144645451
