original_size: (552, 736)
shift_x: -4.4117
shift_y: 4.4868
angle: -4.946041442649406
scale: 0.11883832507393495
