original_size: (552, 736)
shift_x: -3.0192
shift_y: -1.0907
angle: 3.624543624412633
scale: 0.1292917506114252
