original_size: (552, 736)
shift_x: -6.0818
shift_y: -4.1031
angle: 0.6234486761828002
scale: 0.12522223187922887
