original_size: (552, 736)
shift_x: -4.0140
shift_y: -6.2463
angle: 2.1195127969679373
scale: 0.11451000107199594
