original_size: (552, 736)
shift_x: -3.2556
shift_y: -0.1924
angle: 4.776807868516272
scale: 0.12370437070156365
