original_size: (1308, 736)
shift_x: 4.6047
shift_y: 4.5873
angle: -3.8818926568932985
scale: 0.12629153604274015
