original_size: (1308, 736)
shift_x: 2.0828
shift_y: -2.3648
angle: 4.664587011635305
scale: 0.11432318472642151
