original_size: (1308, 736)
shift_x: 5.9576
shift_y: -4.6031
angle: 2.0612897778274553
scale: 0.13637573737987166
