original_size: (1308, 736)
shift_x: -1.5789
shift_y: -4.2635
angle: 2.876219422848232
scale: 0.12865912163429885
