original_size: (1308, 736)
shift_x: -4.5889
shift_y: 5.9277
angle: 0.2070441540730661
scale: 0.12107547352786559
