original_size: (1308, 736)
shift_x: -6.4951
shift_y: 1.1565
angle: -3.6275556016867183
scale: 0.11386585657635973
