original_size: (1308, 736)
shift_x: 3.3189
shift_y: 1.4564
angle: -2.1578257935605705
scale: 0.12404304770816124
