original_size: (1308, 736)
shift_x: 5.4772
shift_y: -2.0485
angle: 0.08972756388124736
scale: 0.1250922068056039
