original_size: (1308, 736)
shift_x: -4.3557
shift_y: 4.9283
angle: 0.8116336655721925
scale: 0.11927363506691362
