original_size: (1308, 736)
shift_x: 6.9110
shift_y: -2.4376
angle: -0.051382094902932884
scale: 0.1126609106447227
