original_size: (1104, 736)
shift_x: -3.3847
shift_y: -3.2591
angle: 1.080891079106162
scale: 0.1192376455444957
