original_size: (1104, 736)
shift_x: 3.1564
shift_y: 0.3795
angle: -1.0902091360105914
scale: 0.12077037564119569
