original_size: (1104, 736)
shift_x: -3.6981
shift_y: 3.9462
angle: 0.1701497465821591
scale: 0.11368593895601456
