original_size: (1104, 736)
shift_x: 1.3346
shift_y: 1.9830
angle: 3.900292211733399
scale: 0.12343362743177091
