original_size: (1104, 736)
shift_x: -1.8243
shift_y: 5.7786
angle: 3.1523208440482726
scale: 0.11824041646721677
