original_size: (1104, 736)
shift_x: -6.3770
shift_y: -2.9440
angle: 4.469747544863905
scale: 0.12309771211611158
