original_size: (1104, 736)
shift_x: 6.7437
shift_y: -3.1768
angle: 1.144599859117811
scale: 0.12646583537753264
