original_size: (1104, 736)
shift_x: -4.1433
shift_y: 0.8032
angle: 1.5720517604361532
scale: 0.12987987461129047
