original_size: (1104, 736)
shift_x: 4.7303
shift_y: -2.7871
angle: 2.2951268695450118
scale: 0.13412706831267254
