original_size: (1104, 736)
shift_x: 5.6559
shift_y: 5.3683
angle: -2.9232742704332426
scale: 0.12144281449132914
