original_size: (918, 736)
shift_x: -4.1764
shift_y: -4.8176
angle: -4.9029536943880885
scale: 0.11633127375230506
