original_size: (918, 736)
shift_x: 6.5497
shift_y: 2.0600
angle: -2.9118853142570145
scale: 0.1176457077228989
