original_size: (918, 736)
shift_x: 3.0933
shift_y: -3.5658
angle: 1.5774873920367138
scale: 0.13520810705864542
