original_size: (918, 736)
shift_x: 1.0973
shift_y: -0.9609
angle: 3.5732281990572208
scale: 0.11266244685213782
