original_size: (918, 736)
shift_x: -2.2489
shift_y: -6.9366
angle: -1.324782532997201
scale: 0.13701727622837645
