original_size: (918, 736)
shift_x: 0.3189
shift_y: 0.2035
angle: -1.572492903136622
scale: 0.12615541712238093
