original_size: (918, 736)
shift_x: 1.2604
shift_y: 2.9735
angle: -2.0219329447116263
scale: 0.11478329477602
