original_size: (918, 736)
shift_x: 6.2650
shift_y: -6.4978
angle: -3.0191248296618256
scale: 0.1318242504775586
