original_size: (918, 736)
shift_x: -2.7296
shift_y: 0.6027
angle: 1.6801358336236119
scale: 0.11968181368500917
