original_size: (918, 736)
shift_x: -0.5125
shift_y: -2.7904
angle: -3.4232059510167745
scale: 0.12191322393888845
