original_size: (720, 480)
shift_x: 4.3958
shift_y: 6.0777
angle: -3.6551623569798397
scale: 0.12288187203329065
