original_size: (720, 480)
shift_x: 3.0359
shift_y: 2.7000
angle: -4.73252657363402
scale: 0.13185867452596875
