original_size: (720, 480)
shift_x: -3.4827
shift_y: -2.7558
angle: -3.1230161462424477
scale: 0.13105391248367446
