original_size: (720, 480)
shift_x: 3.6576
shift_y: 4.6104
angle: -3.832788957288024
scale: 0.11395447659811796
