original_size: (720, 480)
shift_x: 5.4014
shift_y: 0.2091
angle: 0.9179988736584743
scale: 0.11687933596071365
