original_size: (720, 480)
shift_x: -2.0720
shift_y: 3.6765
angle: 0.9802035753878027
scale: 0.11280947103139538
