original_size: (720, 480)
shift_x: -4.3374
shift_y: 5.9832
angle: 4.898293910086281
scale: 0.1263992167142341
