original_size: (720, 480)
shift_x: 1.3119
shift_y: -4.0774
angle: 1.5309171721988015
scale: 0.13203844468068507
