original_size: (720, 480)
shift_x: 3.6826
shift_y: -6.2380
angle: 2.5540965829059292
scale: 0.12087308266003635
