original_size: (720, 480)
shift_x: 2.4315
shift_y: 0.9184
angle: 2.5100238948468636
scale: 0.12749973500520023
