original_size: (600, 390)
shift_x: 1.1082
shift_y: -4.9707
angle: -4.137082569545991
scale: 0.12346933533186841
