original_size: (600, 390)
shift_x: 1.7795
shift_y: 6.4042
angle: -4.57374421885556
scale: 0.13592166943632175
