original_size: (600, 390)
shift_x: -0.1639
shift_y: 6.1950
angle: 0.029584117336320936
scale: 0.12495795319330236
