original_size: (600, 390)
shift_x: -1.2079
shift_y: -1.3560
angle: 4.711857293410496
scale: 0.11262725673616276
