original_size: (600, 390)
shift_x: -3.3105
shift_y: 4.6992
angle: 0.0690463182685841
scale: 0.12428231243967634
