original_size: (600, 390)
shift_x: 0.2434
shift_y: -4.2451
angle: 4.438417269348028
scale: 0.11669012734313963
