original_size: (600, 390)
shift_x: -5.1250
shift_y: -2.4692
angle: -2.0660602264689953
scale: 0.13635349021444618
