original_size: (600, 390)
shift_x: 0.3178
shift_y: -4.4188
angle: 1.6889110986867149
scale: 0.12003773449083195
