original_size: (600, 390)
shift_x: 3.2009
shift_y: -4.0174
angle: -1.635553366931608
scale: 0.12679427051552525
