original_size: (600, 390)
shift_x: -4.5443
shift_y: 3.8180
angle: 0.8633529830583857
scale: 0.12067108847051818
