original_size: (981, 736)
shift_x: 1.9162
shift_y: -5.9777
angle: 1.0614850961225217
scale: 0.1317879638112831
