original_size: (981, 736)
shift_x: -4.0810
shift_y: -2.2952
angle: -1.3562412743362384
scale: 0.12006243981664087
