original_size: (981, 736)
shift_x: 3.7745
shift_y: -2.2518
angle: 3.6585021199683183
scale: 0.1246312676741301
