original_size: (981, 736)
shift_x: -5.2630
shift_y: -1.5971
angle: 0.28616153392199895
scale: 0.12108861717692693
