original_size: (981, 736)
shift_x: -2.5182
shift_y: 5.0846
angle: 1.3390526380033352
scale: 0.12310512771016115
