original_size: (981, 736)
shift_x: -4.9938
shift_y: -4.4116
angle: 1.9425218480283837
scale: 0.12228284264974107
