original_size: (981, 736)
shift_x: -3.6449
shift_y: 4.0301
angle: 2.8382054869130977
scale: 0.1261906450043887
