original_size: (981, 736)
shift_x: 5.8373
shift_y: -2.9580
angle: 2.5383774130471704
scale: 0.130557593278997
