original_size: (981, 736)
shift_x: -2.4083
shift_y: 3.3751
angle: -1.551009912279552
scale: 0.11454715798741269
