original_size: (981, 736)
shift_x: 5.0584
shift_y: -0.8285
angle: 3.109046631386736
scale: 0.1256635278138579
