original_size: (981, 736)
shift_x: -6.7676
shift_y: 1.4025
angle: -4.750508968909712
scale: 0.12485348046649228
