original_size: (981, 736)
shift_x: 3.6426
shift_y: -1.5386
angle: 4.29766149450832
scale: 0.13681609551098867
