original_size: (981, 736)
shift_x: 3.3743
shift_y: -6.0571
angle: -0.5452977946262161
scale: 0.11611317393333784
