original_size: (981, 736)
shift_x: 6.5756
shift_y: 2.0385
angle: -4.089616828344815
scale: 0.12260297247609869
