original_size: (981, 736)
shift_x: 3.5035
shift_y: 3.4241
angle: 0.1812958757972014
scale: 0.1339631682433383
