original_size: (981, 736)
shift_x: -3.7132
shift_y: 3.0057
angle: -1.5305088464805183
scale: 0.13605353268711426
