original_size: (981, 736)
shift_x: -5.9974
shift_y: 0.0405
angle: 1.2602633911465322
scale: 0.1323703197434443
