original_size: (981, 736)
shift_x: -0.7560
shift_y: 4.3318
angle: 0.8914256040991226
scale: 0.1357220191020291
