original_size: (981, 736)
shift_x: -2.3619
shift_y: 3.7576
angle: -0.91540189013919
scale: 0.13036267085733666
