original_size: (981, 736)
shift_x: 0.4896
shift_y: -1.3575
angle: 0.3743346761213253
scale: 0.11933357215966818
