original_size: (875, 700)
shift_x: -3.2395
shift_y: -4.3623
angle: -3.573931741772245
scale: 0.13306878739991093
