original_size: (875, 700)
shift_x: 0.0099
shift_y: 6.2636
angle: 4.822921438676834
scale: 0.13223532304369812
