original_size: (875, 700)
shift_x: 5.5518
shift_y: 0.1875
angle: 4.834156358373189
scale: 0.1304008936905554
