original_size: (875, 700)
shift_x: -5.4659
shift_y: 3.9482
angle: 4.321897118544522
scale: 0.1361285328368278
