original_size: (875, 700)
shift_x: -0.9579
shift_y: 6.9982
angle: 4.462069114112024
scale: 0.11506553585275285
