original_size: (875, 700)
shift_x: -1.8865
shift_y: 4.5067
angle: -0.3219660146731149
scale: 0.12966160228840648
