original_size: (875, 700)
shift_x: -2.5365
shift_y: 4.6777
angle: -3.525079337348548
scale: 0.12123008567515813
