original_size: (875, 700)
shift_x: -3.9313
shift_y: 3.7798
angle: 3.8018945308325485
scale: 0.12211073920301192
