original_size: (875, 700)
shift_x: 2.9386
shift_y: 3.9731
angle: 4.534876308813892
scale: 0.13434384827465348
