original_size: (875, 700)
shift_x: -4.4559
shift_y: -0.7817
angle: 1.8755541785653804
scale: 0.13301374072250163
