original_size: (1104, 736)
shift_x: 6.5976
shift_y: -1.0340
angle: -1.5971175279227259
scale: 0.11724206725136727
