original_size: (1104, 736)
shift_x: -5.6166
shift_y: 6.7839
angle: 3.0867041795541343
scale: 0.13560563154300195
