original_size: (1104, 736)
shift_x: -2.7979
shift_y: 0.6068
angle: 4.580097007391883
scale: 0.12181143504826117
