original_size: (1104, 736)
shift_x: 4.5105
shift_y: 4.8832
angle: 0.6842896933863027
scale: 0.12785609574287124
