original_size: (1104, 736)
shift_x: -0.9150
shift_y: 6.3667
angle: 4.883356359565779
scale: 0.11505115978028412
