original_size: (1104, 736)
shift_x: -6.1024
shift_y: -6.1931
angle: -2.457331568077029
scale: 0.13621578686437313
