original_size: (1104, 736)
shift_x: -4.0391
shift_y: -2.4483
angle: 3.59176603765275
scale: 0.13319314320141767
