original_size: (1104, 736)
shift_x: -2.9204
shift_y: 5.4346
angle: 1.2389676487730883
scale: 0.12214519381178143
