original_size: (1104, 736)
shift_x: -6.3185
shift_y: -0.5826
angle: -4.251203586399527
scale: 0.1211816150292961
