original_size: (1104, 736)
shift_x: 6.1423
shift_y: 1.7053
angle: 1.2900017982252425
scale: 0.12176953819921649
