original_size: (981, 736)
shift_x: 5.2743
shift_y: 1.0414
angle: 2.47269226938423
scale: 0.12861421662003325
