original_size: (981, 736)
shift_x: 2.5470
shift_y: 6.3641
angle: -0.365783901468304
scale: 0.1185278415303639
