original_size: (981, 736)
shift_x: 2.8336
shift_y: 0.9583
angle: -4.334339480016233
scale: 0.1308710709604918
