original_size: (981, 736)
shift_x: 6.8431
shift_y: 2.6845
angle: 3.1915578244018654
scale: 0.13451528073509578
