original_size: (981, 736)
shift_x: -3.8956
shift_y: 2.0355
angle: -3.965555941518476
scale: 0.13573565019539247
