original_size: (981, 736)
shift_x: 1.3111
shift_y: -3.9344
angle: -1.6975031891504444
scale: 0.12132928416124936
