original_size: (981, 736)
shift_x: -2.0065
shift_y: -3.5981
angle: 2.6264655718845713
scale: 0.12485416142197518
