original_size: (981, 736)
shift_x: -6.1497
shift_y: 0.8957
angle: 2.42453360641829
scale: 0.13193165808944704
