original_size: (981, 736)
shift_x: 1.0439
shift_y: -4.0918
angle: -0.7752435628132934
scale: 0.1263727458754904
