original_size: (981, 736)
shift_x: -0.4302
shift_y: 0.2178
angle: -1.2545239466875069
scale: 0.11660917656417025
