original_size: (1103, 736)
shift_x: -0.4426
shift_y: 1.6966
angle: 4.9412145876219284
scale: 0.11469853279097018
