original_size: (1103, 736)
shift_x: -5.5282
shift_y: 2.3687
angle: 4.688840872272223
scale: 0.11397762244235127
