original_size: (1103, 736)
shift_x: 5.2741
shift_y: 1.2640
angle: -4.847414292663476
scale: 0.11453252826438086
