original_size: (1103, 736)
shift_x: 1.8482
shift_y: 6.8560
angle: -1.9875795394919282
scale: 0.12933173227230704
