original_size: (1103, 736)
shift_x: 1.3530
shift_y: -1.5863
angle: 1.5399020665944487
scale: 0.11629466792476777
