original_size: (1103, 736)
shift_x: 5.0922
shift_y: 0.3714
angle: -4.816715531679582
scale: 0.12971989874420276
