original_size: (1103, 736)
shift_x: 1.1773
shift_y: 6.9298
angle: -2.7474770755970823
scale: 0.11399656805002274
