original_size: (1103, 736)
shift_x: 1.1767
shift_y: -3.8804
angle: -1.3927849158955041
scale: 0.11519902980198386
