original_size: (1103, 736)
shift_x: -3.8524
shift_y: -1.4804
angle: -1.521213292250855
scale: 0.1238671833405218
