original_size: (1103, 736)
shift_x: 6.0007
shift_y: 3.9837
angle: -1.6670919866031975
scale: 0.136493168681726
