original_size: (915, 736)
shift_x: 1.4661
shift_y: 1.7173
angle: 1.99164395839367
scale: 0.13604697939866864
