original_size: (915, 736)
shift_x: -6.0991
shift_y: -0.9856
angle: -3.5260707109287557
scale: 0.12462268844704703
