original_size: (915, 736)
shift_x: 3.1272
shift_y: 6.5464
angle: -0.9386981504154708
scale: 0.13447255259310217
