original_size: (915, 736)
shift_x: 3.5492
shift_y: 6.9013
angle: -0.3809165850267675
scale: 0.11393973774198007
