original_size: (915, 736)
shift_x: -6.7595
shift_y: -0.2872
angle: -0.34133070649970954
scale: 0.13693145158048026
