original_size: (915, 736)
shift_x: 2.3789
shift_y: -5.9618
angle: 1.8863700352051191
scale: 0.12096345435569127
