original_size: (915, 736)
shift_x: 6.3677
shift_y: 3.0291
angle: -1.762395552672035
scale: 0.12523530077347214
