original_size: (915, 736)
shift_x: -0.1957
shift_y: -6.1925
angle: -3.9633344379186197
scale: 0.11268353637188801
