original_size: (915, 736)
shift_x: -3.4197
shift_y: 1.6438
angle: -1.277054610604722
scale: 0.11511539185425647
