original_size: (915, 736)
shift_x: 6.3607
shift_y: 5.1990
angle: -0.5481319201940256
scale: 0.12988918212203204
