original_size: (920, 736)
shift_x: -2.9361
shift_y: -5.6308
angle: 2.022216027747284
scale: 0.11961619171624997
