original_size: (920, 736)
shift_x: -0.9927
shift_y: 5.2971
angle: -2.2030265860994724
scale: 0.12877252380729992
