original_size: (920, 736)
shift_x: 1.0245
shift_y: 2.5561
angle: 1.6361110593629524
scale: 0.1315684403471698
