original_size: (920, 736)
shift_x: -5.1458
shift_y: -4.1815
angle: 2.011052599629207
scale: 0.11584366959413867
