original_size: (920, 736)
shift_x: -4.5738
shift_y: -4.8309
angle: 4.735020025317345
scale: 0.11961095696958986
