original_size: (920, 736)
shift_x: 0.2786
shift_y: -4.6045
angle: 0.20899829699073447
scale: 0.12611643126000507
