original_size: (920, 736)
shift_x: 6.1093
shift_y: -5.9665
angle: -1.6051118553287536
scale: 0.12038849330554303
