original_size: (920, 736)
shift_x: 4.6562
shift_y: -2.0196
angle: 0.6737234348664085
scale: 0.12602902204756622
