original_size: (920, 736)
shift_x: 3.4110
shift_y: -5.9787
angle: 3.0338544257521143
scale: 0.11971715609702141
