original_size: (920, 736)
shift_x: 2.3435
shift_y: -3.5243
angle: -0.05685476778671816
scale: 0.1254720535486797
