original_size: (604, 486)
shift_x: -2.6878
shift_y: -3.5355
angle: -0.7823389191202201
scale: 0.12746799100690828
