original_size: (604, 486)
shift_x: 1.7894
shift_y: 6.1289
angle: 2.834268346293001
scale: 0.12382851817726023
