original_size: (604, 486)
shift_x: 1.9796
shift_y: 6.8899
angle: -3.3297613960630246
scale: 0.13225500705049356
