original_size: (604, 486)
shift_x: -1.8267
shift_y: -5.5411
angle: -0.9675969142854459
scale: 0.12594983474087879
