original_size: (604, 486)
shift_x: -0.4267
shift_y: -1.9130
angle: -4.959956451140539
scale: 0.11353146279690787
