original_size: (604, 486)
shift_x: 0.5368
shift_y: 2.7557
angle: 4.124147105924008
scale: 0.12495476618773678
