original_size: (604, 486)
shift_x: 5.9450
shift_y: 4.5634
angle: 3.341745361139001
scale: 0.11535196759255838
