original_size: (604, 486)
shift_x: -2.0818
shift_y: -0.6044
angle: 0.07208727455983066
scale: 0.13425941788718831
