original_size: (604, 486)
shift_x: 4.9808
shift_y: 2.9663
angle: -4.479440569803755
scale: 0.11339202190353889
