original_size: (604, 486)
shift_x: -4.5917
shift_y: -4.3297
angle: -1.5176595059218223
scale: 0.13484463996502977
