original_size: (450, 600)
shift_x: -1.6700
shift_y: 4.0011
angle: 4.1773404231999365
scale: 0.13488402601242616
