original_size: (450, 600)
shift_x: -3.8086
shift_y: 0.5098
angle: -3.441647610242533
scale: 0.12789478556022985
