original_size: (450, 600)
shift_x: 4.6296
shift_y: 0.2555
angle: 4.353915464128239
scale: 0.11552148436708812
