original_size: (450, 600)
shift_x: 5.8922
shift_y: 3.8127
angle: -4.050912424355381
scale: 0.12224980644476045
