original_size: (450, 600)
shift_x: -5.9280
shift_y: -5.3515
angle: -4.714870664936502
scale: 0.12244644394965748
