original_size: (450, 600)
shift_x: -1.4079
shift_y: -5.1897
angle: -4.693185758483932
scale: 0.11981146951078096
