original_size: (450, 600)
shift_x: -2.5062
shift_y: -5.6654
angle: 2.320306641870472
scale: 0.12347380464743503
