original_size: (450, 600)
shift_x: -4.3158
shift_y: -3.8124
angle: -0.014904960917448307
scale: 0.1140410923535729
