original_size: (450, 600)
shift_x: -2.4299
shift_y: 4.3354
angle: 1.345805770431058
scale: 0.11707596265112451
