original_size: (450, 600)
shift_x: -3.4869
shift_y: -4.8554
angle: -0.8784903295752731
scale: 0.11689955410836018
