original_size: (981, 736)
shift_x: -5.1369
shift_y: 1.4803
angle: 0.3416914439758294
scale: 0.1349115595309525
