original_size: (981, 736)
shift_x: 2.0192
shift_y: 5.3744
angle: -0.41891071434155247
scale: 0.12232153895308243
