original_size: (981, 736)
shift_x: -3.1185
shift_y: 6.4256
angle: -1.1179673953283653
scale: 0.11533178734102617
