original_size: (981, 736)
shift_x: -0.1643
shift_y: 5.6382
angle: -2.15440571002264
scale: 0.13042443766702802
