original_size: (981, 736)
shift_x: -5.8839
shift_y: 6.3890
angle: -1.5479619668647215
scale: 0.1125478921378446
