original_size: (981, 736)
shift_x: 1.1521
shift_y: -0.4389
angle: 0.19063749401268293
scale: 0.11393665532447149
