original_size: (981, 736)
shift_x: -4.4133
shift_y: -1.3853
angle: -0.6800488601085606
scale: 0.13242877681272003
