original_size: (981, 736)
shift_x: -2.5263
shift_y: -0.2172
angle: -2.158594399224867
scale: 0.1328425432825169
