original_size: (981, 736)
shift_x: 0.8199
shift_y: -6.2639
angle: 2.6010685670810894
scale: 0.12838184758839752
