original_size: (981, 736)
shift_x: 2.1778
shift_y: 4.9303
angle: 3.690649755631366
scale: 0.12726656562179645
