original_size: (1308, 736)
shift_x: -1.0694
shift_y: -6.0548
angle: -3.2773863971516115
scale: 0.11963879243514401
