original_size: (1308, 736)
shift_x: -3.1452
shift_y: 6.6293
angle: 2.7111154635915113
scale: 0.11353794209870384
