original_size: (1308, 736)
shift_x: -2.9115
shift_y: -1.5170
angle: 3.1497247987526116
scale: 0.126368598363234
