original_size: (1308, 736)
shift_x: -0.3771
shift_y: -5.6548
angle: 3.835309499437461
scale: 0.1168186792511734
