original_size: (1308, 736)
shift_x: -0.6608
shift_y: -6.3797
angle: -4.9297814841577345
scale: 0.1334982381193723
