original_size: (1308, 736)
shift_x: -5.7205
shift_y: 4.9195
angle: -3.727457060075011
scale: 0.12398567008505698
