original_size: (1308, 736)
shift_x: -4.4620
shift_y: 2.6694
angle: -1.723322274022184
scale: 0.11786362644899416
