original_size: (1308, 736)
shift_x: 0.1456
shift_y: -4.0239
angle: -2.7915272521663614
scale: 0.11263015762255524
