original_size: (1308, 736)
shift_x: -1.9751
shift_y: 6.4127
angle: 2.665513415107206
scale: 0.11712998706605134
