original_size: (1308, 736)
shift_x: -3.3783
shift_y: -5.7570
angle: 1.3759840873891687
scale: 0.11587192532644362
