original_size: (468, 375)
shift_x: -2.7172
shift_y: 2.8763
angle: 0.52530150028291
scale: 0.13723091232232526
