original_size: (468, 375)
shift_x: -0.9472
shift_y: 5.5597
angle: -4.4232784354899435
scale: 0.1272619454398764
