original_size: (468, 375)
shift_x: -2.0192
shift_y: -2.3614
angle: 1.4515277881706012
scale: 0.13712548529724267
