original_size: (468, 375)
shift_x: 3.4184
shift_y: -6.4145
angle: 2.541999369557245
scale: 0.12944345877386462
