original_size: (468, 375)
shift_x: 5.3510
shift_y: -4.6361
angle: 1.2912280764537787
scale: 0.13434768262807606
