original_size: (468, 375)
shift_x: -0.8894
shift_y: 2.5778
angle: -0.7578381141110526
scale: 0.11731484277370238
