original_size: (468, 375)
shift_x: 4.0296
shift_y: -2.4553
angle: -4.9661398586495045
scale: 0.1251033976655608
