original_size: (468, 375)
shift_x: 4.8989
shift_y: 6.2627
angle: 3.1053407645961855
scale: 0.13713490303442302
