original_size: (468, 375)
shift_x: -5.5389
shift_y: 1.8234
angle: -4.656323639379173
scale: 0.12123739351658748
