original_size: (468, 375)
shift_x: -3.1644
shift_y: -5.7222
angle: -3.410155993930055
scale: 0.12404891969188792
