original_size: (920, 736)
shift_x: -3.0231
shift_y: 3.1552
angle: -2.5249780766488215
scale: 0.12865242881562974
