original_size: (920, 736)
shift_x: 0.6815
shift_y: -5.4128
angle: 0.8693559918003597
scale: 0.13103969270083377
