original_size: (920, 736)
shift_x: -2.1176
shift_y: 0.8368
angle: -4.135354435061131
scale: 0.11807707543423054
