original_size: (920, 736)
shift_x: 2.4026
shift_y: -2.6773
angle: 3.598808446662611
scale: 0.12957517807046975
