original_size: (920, 736)
shift_x: 3.1984
shift_y: 5.6756
angle: -3.8623640320040478
scale: 0.1218818977800085
