original_size: (920, 736)
shift_x: 4.5012
shift_y: -1.6019
angle: -1.9730079293041003
scale: 0.1183135620824342
