original_size: (920, 736)
shift_x: 6.6951
shift_y: -6.7159
angle: 1.4833479044398858
scale: 0.11389257416678983
