original_size: (920, 736)
shift_x: 6.2526
shift_y: -0.7698
angle: 1.1814042204783446
scale: 0.1184375169829906
