original_size: (920, 736)
shift_x: -4.9013
shift_y: -0.4666
angle: 3.3919960741466753
scale: 0.13187976263205892
