original_size: (920, 736)
shift_x: -4.9824
shift_y: -3.5963
angle: 0.8970184487745323
scale: 0.12230360058513343
