original_size: (920, 736)
shift_x: -2.0352
shift_y: -6.6745
angle: 4.332200503433102
scale: 0.13441525587170874
