original_size: (920, 736)
shift_x: 5.1937
shift_y: -5.8442
angle: 3.8284723342956966
scale: 0.12099235098877958
