original_size: (920, 736)
shift_x: -0.9509
shift_y: -6.7071
angle: 0.5991320856140483
scale: 0.11327269068079553
