original_size: (920, 736)
shift_x: -5.7803
shift_y: -6.1646
angle: 4.447222813401051
scale: 0.11768690884809511
