original_size: (920, 736)
shift_x: -0.5048
shift_y: -1.1628
angle: -3.900686375157938
scale: 0.1343155624794768
