original_size: (920, 736)
shift_x: 6.5317
shift_y: -6.2138
angle: -4.320933513992068
scale: 0.1362250824766987
