original_size: (920, 736)
shift_x: -3.9866
shift_y: -2.3401
angle: 4.8118841424504595
scale: 0.13643133695267606
