original_size: (920, 736)
shift_x: -4.5224
shift_y: 0.8458
angle: -3.0882918916634727
scale: 0.12759910116208054
