original_size: (920, 736)
shift_x: 0.5184
shift_y: 2.3948
angle: -1.6516623556556276
scale: 0.13671305527041394
