original_size: (920, 736)
shift_x: -1.4932
shift_y: -2.4400
angle: -2.0405457021804265
scale: 0.11897677024175367
