original_size: (921, 735)
shift_x: 4.5419
shift_y: -1.6875
angle: 2.975756028786483
scale: 0.13032718768826992
