original_size: (921, 735)
shift_x: -1.8808
shift_y: 0.8258
angle: -2.3811707327983447
scale: 0.11998997743171493
