original_size: (921, 735)
shift_x: -3.0898
shift_y: -3.3027
angle: 1.8630796101265084
scale: 0.13284157976506714
