original_size: (921, 735)
shift_x: 0.9303
shift_y: 2.3570
angle: -0.45761645466538514
scale: 0.1234925811396179
