original_size: (921, 735)
shift_x: -0.0740
shift_y: -4.7691
angle: 4.204062343948214
scale: 0.13693892267288968
