original_size: (921, 735)
shift_x: -3.6553
shift_y: -2.3598
angle: 2.809821719336318
scale: 0.12205439074814516
