original_size: (921, 735)
shift_x: 4.0573
shift_y: -5.1849
angle: 2.541031181840241
scale: 0.11341338531351945
