original_size: (921, 735)
shift_x: 2.6242
shift_y: 2.1862
angle: 0.7771531222205379
scale: 0.12269814238011333
