original_size: (921, 735)
shift_x: 3.5200
shift_y: -5.9845
angle: 1.2573316573428421
scale: 0.135846140271727
