original_size: (921, 735)
shift_x: 2.1615
shift_y: 5.1199
angle: -3.6560876972561585
scale: 0.11891842781324835
