original_size: (853, 640)
shift_x: 1.0850
shift_y: 3.7104
angle: 2.8555368251721127
scale: 0.11791906431173926
