original_size: (853, 640)
shift_x: -1.3430
shift_y: 5.8272
angle: 2.4641821883108754
scale: 0.11590873682440354
