original_size: (853, 640)
shift_x: 5.3597
shift_y: 5.9832
angle: 3.3546377027068974
scale: 0.11394751693992673
