original_size: (853, 640)
shift_x: -0.0408
shift_y: -3.3182
angle: 1.8191263992489537
scale: 0.12655680607677777
