original_size: (853, 640)
shift_x: -5.4326
shift_y: -6.6988
angle: 0.9622506441389369
scale: 0.13689919172924808
