original_size: (853, 640)
shift_x: -2.6191
shift_y: 1.5643
angle: -2.7028971017747305
scale: 0.11948459869885807
