original_size: (853, 640)
shift_x: 6.0561
shift_y: -1.8205
angle: -0.3301665080575038
scale: 0.13342966880644663
