original_size: (853, 640)
shift_x: 5.7662
shift_y: 3.9122
angle: 2.668385873457386
scale: 0.1271022059270704
