original_size: (853, 640)
shift_x: -0.7946
shift_y: 3.9011
angle: -1.832541610286965
scale: 0.1264828096452846
