original_size: (853, 640)
shift_x: 4.7520
shift_y: -4.1828
angle: 0.7671668793204081
scale: 0.11548365836112949
