original_size: (626, 417)
shift_x: -4.1119
shift_y: -6.7891
angle: -2.0320853453615673
scale: 0.1296759101640894
