original_size: (626, 417)
shift_x: -3.6678
shift_y: 6.4009
angle: -3.2625286680223233
scale: 0.11470626674567241
