original_size: (626, 417)
shift_x: -0.8646
shift_y: -0.3674
angle: -1.3936660381162014
scale: 0.13128021362447595
