original_size: (626, 417)
shift_x: -0.3419
shift_y: -3.2649
angle: -1.127185504557291
scale: 0.11554753669012217
