original_size: (626, 417)
shift_x: 5.4781
shift_y: -5.1823
angle: -3.3150557292626113
scale: 0.13253841591470397
