original_size: (626, 417)
shift_x: 3.1226
shift_y: 3.2745
angle: -1.2961769799061673
scale: 0.12652249770257126
