original_size: (626, 417)
shift_x: -4.5548
shift_y: 1.3898
angle: -2.225743584366998
scale: 0.13506124151715843
