original_size: (626, 417)
shift_x: -4.2174
shift_y: -1.6305
angle: -2.881376430555349
scale: 0.1269693751121589
