original_size: (626, 417)
shift_x: -5.2434
shift_y: 0.7027
angle: 4.941344016439386
scale: 0.13121473269210782
