original_size: (626, 417)
shift_x: 0.8738
shift_y: 6.0886
angle: -0.43598851701318697
scale: 0.12334523564901925
