original_size: (525, 735)
shift_x: -2.9722
shift_y: 1.4775
angle: -3.025608871116537
scale: 0.11464422977024845
