original_size: (525, 735)
shift_x: 4.6127
shift_y: -4.7353
angle: -1.2615358027529835
scale: 0.12572373504711518
