original_size: (525, 735)
shift_x: 6.8871
shift_y: -1.8442
angle: 1.4286726078123655
scale: 0.13532230848389187
