original_size: (525, 735)
shift_x: 2.8053
shift_y: 5.0748
angle: -3.4430206088208983
scale: 0.12776716266425495
