original_size: (525, 735)
shift_x: 3.0727
shift_y: -1.3427
angle: -1.01976578588582
scale: 0.13046518048645847
