original_size: (525, 735)
shift_x: -2.4754
shift_y: -6.3042
angle: 0.6890359467295806
scale: 0.13158360954639897
