original_size: (525, 735)
shift_x: -5.3883
shift_y: 4.0546
angle: 1.243531823261561
scale: 0.11349733379683398
