original_size: (525, 735)
shift_x: 6.0240
shift_y: 5.8590
angle: -2.7956629366757157
scale: 0.1320238553382883
