original_size: (525, 735)
shift_x: -2.7873
shift_y: 1.4371
angle: 3.8773538814684425
scale: 0.12438431877374481
