original_size: (525, 735)
shift_x: 2.5629
shift_y: -6.1896
angle: 1.981694855255328
scale: 0.12498471310716645
