original_size: (1313, 736)
shift_x: -6.5473
shift_y: -2.2830
angle: 1.4859615683824723
scale: 0.12278742965163444
