original_size: (1313, 736)
shift_x: -4.0670
shift_y: -4.4054
angle: 2.663061216363732
scale: 0.1347516266146491
