original_size: (1313, 736)
shift_x: -2.0861
shift_y: -6.2982
angle: -2.754221023831848
scale: 0.1237816359173129
