original_size: (1313, 736)
shift_x: -6.6855
shift_y: -6.6891
angle: 1.4280475595707092
scale: 0.11904627850070496
