original_size: (1313, 736)
shift_x: -3.3295
shift_y: 3.2861
angle: 0.5948316529229283
scale: 0.12574533398828275
