original_size: (1313, 736)
shift_x: 5.5293
shift_y: -6.8888
angle: 3.6526060689722257
scale: 0.11365471818155602
