original_size: (1313, 736)
shift_x: 2.2054
shift_y: -1.1114
angle: -2.345666748999479
scale: 0.12697931879953553
