original_size: (1313, 736)
shift_x: -0.9761
shift_y: 5.2400
angle: -2.483493086961671
scale: 0.11814118954918525
