original_size: (1313, 736)
shift_x: -4.2647
shift_y: -4.0258
angle: 1.8685117518519565
scale: 0.1291116173266364
