original_size: (1313, 736)
shift_x: 5.1921
shift_y: -2.3118
angle: 0.39940263976522505
scale: 0.12271793564491958
