original_size: (900, 600)
shift_x: -2.8737
shift_y: -2.3927
angle: -4.359012850440793
scale: 0.130909564287875
