original_size: (900, 600)
shift_x: 2.1606
shift_y: 6.3058
angle: -3.643997556703924
scale: 0.13352076767548562
