original_size: (900, 600)
shift_x: 4.5265
shift_y: 0.9708
angle: -1.365541408774309
scale: 0.12463174852711638
