original_size: (900, 600)
shift_x: 0.9996
shift_y: -2.4751
angle: 4.501296717028357
scale: 0.13506740705289835
