original_size: (900, 600)
shift_x: 1.7527
shift_y: -5.3705
angle: -3.64676667008161
scale: 0.13650382956264032
