original_size: (900, 600)
shift_x: 1.4309
shift_y: 6.2801
angle: 3.028566882442135
scale: 0.1350585157472191
