original_size: (900, 600)
shift_x: -1.2742
shift_y: -1.9187
angle: 3.569018685543325
scale: 0.11764728996490055
