original_size: (900, 600)
shift_x: -0.5551
shift_y: -0.3416
angle: -3.6539858207201172
scale: 0.11890805762273218
