original_size: (900, 600)
shift_x: 5.5108
shift_y: 0.7602
angle: -4.339410114574722
scale: 0.1223787913142225
