original_size: (900, 600)
shift_x: 5.5514
shift_y: -3.6167
angle: 0.6932665683690491
scale: 0.12253945423363441
