original_size: (1111, 736)
shift_x: -1.4117
shift_y: -5.9221
angle: -3.675721981409108
scale: 0.13410659230107064
