original_size: (1111, 736)
shift_x: 0.5021
shift_y: -3.5442
angle: 4.40594488813116
scale: 0.1282752894259444
