original_size: (1111, 736)
shift_x: -1.8093
shift_y: 2.3542
angle: -0.022194828619245044
scale: 0.11774167656931606
