original_size: (1111, 736)
shift_x: 6.1090
shift_y: 3.1225
angle: 0.13818302743254485
scale: 0.12398555590988662
