original_size: (1111, 736)
shift_x: -4.6305
shift_y: 5.5408
angle: -4.963770553812724
scale: 0.13564869640688643
