original_size: (1111, 736)
shift_x: 0.9923
shift_y: 3.9932
angle: -1.8242462583519425
scale: 0.125921832422014
