original_size: (1111, 736)
shift_x: -6.9541
shift_y: 2.7469
angle: 4.89145264853531
scale: 0.11621743361614877
