original_size: (1111, 736)
shift_x: -4.9075
shift_y: -1.5163
angle: -2.4757007489110983
scale: 0.1344833403360733
