original_size: (1111, 736)
shift_x: -4.2794
shift_y: -0.2721
angle: -1.6061934299611416
scale: 0.11910259610342706
