original_size: (1111, 736)
shift_x: -2.7315
shift_y: -5.9382
angle: -0.7414212379109859
scale: 0.11520493820431403
