original_size: (736, 736)
shift_x: -5.5885
shift_y: -4.2193
angle: -2.499838150612793
scale: 0.11724046348549672
