original_size: (736, 736)
shift_x: -5.8840
shift_y: 3.9488
angle: -2.523905457686509
scale: 0.13557010624840243
