original_size: (736, 736)
shift_x: -6.0974
shift_y: -4.5068
angle: -1.2831016038882637
scale: 0.11694937173710002
