original_size: (736, 736)
shift_x: -3.5264
shift_y: 1.5563
angle: 3.2976054745462537
scale: 0.1334628133070006
