original_size: (736, 736)
shift_x: -3.5345
shift_y: 0.3306
angle: 0.23035729681206618
scale: 0.11627115637689472
