original_size: (736, 736)
shift_x: 0.8022
shift_y: 4.6745
angle: 1.8171239213136294
scale: 0.12102293807025485
