original_size: (736, 736)
shift_x: -1.2594
shift_y: -6.1573
angle: -4.891300758803561
scale: 0.12023640608222581
