original_size: (736, 736)
shift_x: -3.4938
shift_y: -3.6964
angle: -4.371862914601604
scale: 0.13049805451310315
