original_size: (736, 736)
shift_x: 6.5574
shift_y: 3.5191
angle: -2.412727752972925
scale: 0.125986127313179
