original_size: (736, 736)
shift_x: 5.7214
shift_y: -6.8097
angle: 3.5905613363515148
scale: 0.12354442328834978
