original_size: (490, 735)
shift_x: 6.3965
shift_y: -2.3654
angle: 4.534505104182276
scale: 0.13561987361846986
