original_size: (490, 735)
shift_x: -6.8557
shift_y: 5.0020
angle: 4.983571387061961
scale: 0.12559949064382514
