original_size: (490, 735)
shift_x: -5.3180
shift_y: -4.3268
angle: -2.6971958645326577
scale: 0.12381686374751187
