original_size: (490, 735)
shift_x: 3.7162
shift_y: 2.9163
angle: 3.3056615607662376
scale: 0.12673727371385743
