original_size: (490, 735)
shift_x: -0.9592
shift_y: -5.2653
angle: -2.848825301024631
scale: 0.13355247218534197
