original_size: (490, 735)
shift_x: 5.1834
shift_y: -4.7372
angle: -1.5200708119499584
scale: 0.12077289630100023
