original_size: (490, 735)
shift_x: 0.5491
shift_y: -1.6001
angle: -4.65731894270876
scale: 0.11366523321195449
