original_size: (490, 735)
shift_x: -3.4372
shift_y: -2.6603
angle: 1.7537983805873036
scale: 0.12777334697490217
