original_size: (490, 735)
shift_x: 0.7315
shift_y: -1.4311
angle: 2.678492356318384
scale: 0.13049954016989185
