original_size: (490, 735)
shift_x: -1.6545
shift_y: 6.7325
angle: -4.181186167237066
scale: 0.12228926092445157
