original_size: (591, 474)
shift_x: 3.6239
shift_y: 1.4208
angle: 2.518425834757413
scale: 0.11424505418622853
