original_size: (591, 474)
shift_x: -4.4032
shift_y: -4.9188
angle: -2.186530346679082
scale: 0.11514391020424533
