original_size: (591, 474)
shift_x: -1.2246
shift_y: -0.6177
angle: -0.7715823388855227
scale: 0.11382602679915438
