original_size: (591, 474)
shift_x: -3.0480
shift_y: -2.1352
angle: 3.4682282856510724
scale: 0.13669758740177615
