original_size: (591, 474)
shift_x: -1.2204
shift_y: 1.6613
angle: -4.000555688637978
scale: 0.12219819730105959
