original_size: (591, 474)
shift_x: -1.0841
shift_y: 5.9604
angle: -0.06505641887978086
scale: 0.11767014766846655
