original_size: (591, 474)
shift_x: -6.8421
shift_y: 6.5454
angle: 0.468013277018442
scale: 0.13445096073022578
