original_size: (591, 474)
shift_x: -6.0583
shift_y: 6.9527
angle: 2.595378057525659
scale: 0.13704884017341065
