original_size: (591, 474)
shift_x: -0.1864
shift_y: -6.1374
angle: -1.1107173152713057
scale: 0.13133765732612002
