original_size: (591, 474)
shift_x: -6.2459
shift_y: 0.1535
angle: -3.213805996023255
scale: 0.1210834428738863
