original_size: (736, 736)
shift_x: -3.5080
shift_y: -0.2084
angle: 4.536549890422108
scale: 0.1373484507677422
