original_size: (736, 736)
shift_x: 1.8961
shift_y: -6.2253
angle: -0.8299163986909814
scale: 0.12493659252420494
