original_size: (736, 736)
shift_x: -3.2194
shift_y: 4.1056
angle: 2.9380645882523293
scale: 0.11832656329503696
