original_size: (736, 736)
shift_x: 3.0151
shift_y: -0.9078
angle: -4.377961839055509
scale: 0.11792470857627717
