original_size: (736, 736)
shift_x: 2.3030
shift_y: 3.0363
angle: -2.0554101487158283
scale: 0.1260761722369074
