original_size: (736, 736)
shift_x: 3.5089
shift_y: 6.3766
angle: 4.320925298584857
scale: 0.13284116359011194
