original_size: (736, 736)
shift_x: -4.4672
shift_y: 6.4039
angle: -2.682723573903305
scale: 0.11833482660008633
