original_size: (736, 736)
shift_x: -3.5247
shift_y: 4.8910
angle: 3.409613025102235
scale: 0.11950958347856741
