original_size: (736, 736)
shift_x: -3.7057
shift_y: -6.3297
angle: -2.9580198882147632
scale: 0.1245627533533245
