original_size: (736, 736)
shift_x: 3.0362
shift_y: -2.1332
angle: -1.4622153614134712
scale: 0.11749227001496387
