original_size: (981, 736)
shift_x: -5.7626
shift_y: -4.8348
angle: 4.045597155253011
scale: 0.12744613088161283
