original_size: (981, 736)
shift_x: -6.9286
shift_y: -1.3971
angle: 4.506419068292875
scale: 0.12424735902975577
