original_size: (981, 736)
shift_x: -2.9601
shift_y: -5.0097
angle: -2.119444530419891
scale: 0.12483282861753224
