original_size: (981, 736)
shift_x: -0.6953
shift_y: -5.9487
angle: -2.038868235331679
scale: 0.13123722462789186
