original_size: (981, 736)
shift_x: -0.7401
shift_y: -6.8714
angle: 0.9657279132898839
scale: 0.12368063017032366
