original_size: (981, 736)
shift_x: 4.1808
shift_y: 0.6981
angle: -4.691192631289613
scale: 0.11694407271676746
