original_size: (981, 736)
shift_x: -6.4550
shift_y: -4.7719
angle: 1.4027929383511308
scale: 0.132709846911982
