original_size: (981, 736)
shift_x: 1.2652
shift_y: -0.0553
angle: 3.008941994318157
scale: 0.12129592611863843
