original_size: (981, 736)
shift_x: -3.5291
shift_y: 6.9625
angle: -4.096349522614514
scale: 0.1153175802179903
