original_size: (981, 736)
shift_x: -6.5909
shift_y: 1.3339
angle: -0.6062095829587655
scale: 0.1255393407457125
