original_size: (736, 736)
shift_x: -3.3408
shift_y: 4.8750
angle: -1.7156704645921126
scale: 0.1202438889205465
