original_size: (736, 736)
shift_x: -2.9555
shift_y: -5.3919
angle: 1.1865320757197386
scale: 0.12936273472632193
