original_size: (736, 736)
shift_x: 6.5575
shift_y: 3.3730
angle: 3.838242978985649
scale: 0.11548796408447617
