original_size: (736, 736)
shift_x: -5.7513
shift_y: -2.4505
angle: 2.6712679736356746
scale: 0.12476762588281681
