original_size: (736, 736)
shift_x: 4.9380
shift_y: 1.1535
angle: 0.9920657647932405
scale: 0.124153924015646
