original_size: (736, 736)
shift_x: 5.8835
shift_y: 6.5175
angle: -0.6089219872737175
scale: 0.12148063730282581
