original_size: (736, 736)
shift_x: -0.6907
shift_y: -4.4272
angle: -4.133017999950259
scale: 0.11444632312739794
