original_size: (736, 736)
shift_x: -0.2910
shift_y: -2.4584
angle: 2.953020680762899
scale: 0.1370272872272291
