original_size: (736, 736)
shift_x: 6.8382
shift_y: -3.6893
angle: -1.5697913709866054
scale: 0.12602836272994164
