original_size: (736, 736)
shift_x: 5.6660
shift_y: -2.6767
angle: -3.595822634472632
scale: 0.13516060572940528
