original_size: (497, 634)
shift_x: -3.9869
shift_y: -4.1793
angle: 3.7341221008704135
scale: 0.11440586705377265
