original_size: (497, 634)
shift_x: 6.0163
shift_y: 5.8622
angle: 0.2442579329058603
scale: 0.11999194435920124
