original_size: (497, 634)
shift_x: -5.3637
shift_y: 5.7325
angle: -2.373442814304144
scale: 0.1243540971408093
