original_size: (497, 634)
shift_x: -4.2745
shift_y: -3.6278
angle: -0.2328994326929532
scale: 0.11737932682363345
