original_size: (497, 634)
shift_x: -3.8640
shift_y: 6.6122
angle: 4.319564474774809
scale: 0.1334621422591752
