original_size: (497, 634)
shift_x: 3.5771
shift_y: 6.7301
angle: -0.12877408948528757
scale: 0.13368604531727785
