original_size: (497, 634)
shift_x: -2.3805
shift_y: -3.7658
angle: 1.2033355833714552
scale: 0.12077226356693266
