original_size: (497, 634)
shift_x: 2.9076
shift_y: -1.8508
angle: 0.6711096872167843
scale: 0.11501832671961079
