original_size: (497, 634)
shift_x: -0.0545
shift_y: -3.6961
angle: -1.375563533716495
scale: 0.12019487106352103
