original_size: (497, 634)
shift_x: -0.0122
shift_y: 5.7512
angle: -1.8599103818498341
scale: 0.11701435543416852
