original_size: (591, 474)
shift_x: -3.8977
shift_y: 1.8771
angle: 2.302883492734966
scale: 7.349303355365288
