original_size: (591, 474)
shift_x: 2.2884
shift_y: 4.2013
angle: 1.954283823559968
scale: 8.484222516705842
