original_size: (591, 474)
shift_x: -5.3280
shift_y: -2.2126
angle: -1.8167027160774096
scale: 0.13146797555073964
