original_size: (591, 474)
shift_x: 3.4621
shift_y: 4.3935
angle: 3.004656704955874
scale: 7.377519869973159
