original_size: (591, 474)
shift_x: 1.8870
shift_y: -4.7819
angle: -4.679146030850649
scale: 7.627390688196177
