original_size: (591, 474)
shift_x: -6.8423
shift_y: 6.4039
angle: -2.893770303933061
scale: 0.125400966730614
