original_size: (591, 474)
shift_x: -4.8414
shift_y: 0.3269
angle: 0.8754886461481446
scale: 0.1254816730186325
