original_size: (591, 474)
shift_x: 6.5326
shift_y: 4.3337
angle: 4.402458555743857
scale: 7.400169667556437
