original_size: (591, 474)
shift_x: 0.9653
shift_y: -2.6829
angle: 3.5625514065896073
scale: 7.296744875343566
