original_size: (591, 474)
shift_x: 6.4208
shift_y: 6.0442
angle: 2.71944899898834
scale: 0.12149982071472595
