original_size: (591, 474)
shift_x: -5.7111
shift_y: 0.7006
angle: 1.1031027780648657
scale: 0.12284925978338579
