original_size: (591, 474)
shift_x: -6.4486
shift_y: -2.8278
angle: 2.2789844202665845
scale: 0.12459848210911945
