original_size: (591, 474)
shift_x: 1.6533
shift_y: 1.5772
angle: -3.267849559594702
scale: 0.13310122546555475
