original_size: (591, 474)
shift_x: -4.3965
shift_y: 6.7241
angle: -1.6838685907354867
scale: 8.778771378300526
