original_size: (591, 474)
shift_x: -1.7465
shift_y: -4.2522
angle: -2.3823693327032256
scale: 8.780618282942989
