original_size: (591, 474)
shift_x: 5.1097
shift_y: -4.1690
angle: 3.132768843697445
scale: 0.13021662386904292
