original_size: (591, 474)
shift_x: -0.6010
shift_y: -0.9290
angle: 0.38015822899843776
scale: 8.519271167702968
