original_size: (591, 474)
shift_x: 3.6545
shift_y: -5.6214
angle: 4.6553661779267
scale: 0.13431266083953136
