original_size: (591, 474)
shift_x: -6.3563
shift_y: -1.5821
angle: -4.388224728485416
scale: 8.409900253852365
