original_size: (591, 474)
shift_x: -3.9089
shift_y: 3.0208
angle: 3.729904397398583
scale: 0.12827517300801916
