original_size: (736, 736)
shift_x: 2.4984
shift_y: -3.5479
angle: -2.6653489412337916
scale: 0.11626859383291441
