original_size: (736, 736)
shift_x: -0.5030
shift_y: -4.5189
angle: -0.5806394603918106
scale: 0.12192078395916534
