original_size: (736, 736)
shift_x: -2.0112
shift_y: -6.9372
angle: -0.5059254041283747
scale: 7.5125349986555765
