original_size: (736, 736)
shift_x: -0.9994
shift_y: -4.1150
angle: -4.146072515469765
scale: 7.9047685041964675
