original_size: (736, 736)
shift_x: -1.9452
shift_y: 5.9865
angle: 3.064600229119911
scale: 0.1214907071657847
