original_size: (736, 736)
shift_x: 3.1998
shift_y: -1.2269
angle: 3.3205894607087885
scale: 0.1273422650662049
