original_size: (736, 736)
shift_x: 4.2404
shift_y: -3.8806
angle: -2.9799616429074485
scale: 8.109181500182153
