original_size: (736, 736)
shift_x: 4.1768
shift_y: 5.2804
angle: 4.305257282136743
scale: 7.351836560806235
