original_size: (736, 736)
shift_x: 3.6307
shift_y: -5.6023
angle: 0.4438007448077821
scale: 0.13425342380205071
