original_size: (736, 736)
shift_x: -4.9255
shift_y: 6.3118
angle: -2.2665979516865686
scale: 0.12285971757410216
