original_size: (736, 736)
shift_x: -3.0142
shift_y: 4.4505
angle: -4.962584196132628
scale: 7.682558702055726
