original_size: (736, 736)
shift_x: -4.5810
shift_y: -0.6062
angle: -3.8451182331928546
scale: 0.11694867385708356
