original_size: (736, 736)
shift_x: -5.4866
shift_y: -1.1596
angle: 0.126277021516076
scale: 0.1289438440885879
