original_size: (736, 736)
shift_x: -3.9940
shift_y: -6.2320
angle: 3.9000783338712903
scale: 0.1321698985298937
