original_size: (736, 736)
shift_x: 6.2912
shift_y: 0.6302
angle: 4.524045267086013
scale: 7.458341210831681
