original_size: (736, 736)
shift_x: -4.6975
shift_y: 4.7669
angle: 2.2138531552323695
scale: 7.428908698523192
