original_size: (736, 736)
shift_x: 6.8253
shift_y: 1.1869
angle: 0.7945683743596863
scale: 8.67976437438745
