original_size: (736, 736)
shift_x: 1.6832
shift_y: 0.9189
angle: 1.3798998480245563
scale: 7.435654899947448
