original_size: (736, 736)
shift_x: 4.4739
shift_y: -3.9645
angle: -3.6151586981612382
scale: 8.497506352135224
