original_size: (736, 736)
shift_x: -3.5675
shift_y: -4.1243
angle: -2.975917681706534
scale: 0.11991546532647501
