original_size: (981, 736)
shift_x: -1.7609
shift_y: 2.3968
angle: 3.548614097587734
scale: 0.1163317367356318
