original_size: (981, 736)
shift_x: 5.6126
shift_y: 5.1606
angle: 3.6522030552975675
scale: 8.283890180693092
