original_size: (981, 736)
shift_x: 2.1993
shift_y: -0.7790
angle: 4.972386051530485
scale: 0.11509306049756589
