original_size: (981, 736)
shift_x: -0.0345
shift_y: 5.1017
angle: -1.3549804748120655
scale: 0.12167542576143546
