original_size: (981, 736)
shift_x: 5.0870
shift_y: 6.4752
angle: 1.3895310425911482
scale: 0.13454936166957943
