original_size: (981, 736)
shift_x: 4.3028
shift_y: 4.6158
angle: 3.3540007303470087
scale: 7.76596851475103
