original_size: (981, 736)
shift_x: 5.0212
shift_y: 4.1411
angle: 2.301010365006448
scale: 7.301876774821616
