original_size: (981, 736)
shift_x: -3.2543
shift_y: 3.0458
angle: 3.7182788099209745
scale: 8.568751580258024
