original_size: (981, 736)
shift_x: 6.1882
shift_y: 6.4177
angle: -1.5915592450456706
scale: 0.12463955904274233
