original_size: (981, 736)
shift_x: -1.8342
shift_y: 3.9913
angle: 4.276322448831634
scale: 0.12502245717163324
