original_size: (981, 736)
shift_x: -6.5465
shift_y: 5.3057
angle: 0.2779476590140728
scale: 0.12847439772047592
