original_size: (981, 736)
shift_x: -3.3614
shift_y: -0.7996
angle: 2.088858393096147
scale: 8.567194163011592
