original_size: (981, 736)
shift_x: -1.4324
shift_y: 2.2076
angle: -4.512757373341029
scale: 7.280971438839303
