original_size: (981, 736)
shift_x: -3.0290
shift_y: -5.4296
angle: 4.085826860175279
scale: 7.626137430598232
