original_size: (981, 736)
shift_x: 4.2473
shift_y: 5.1462
angle: -4.370916111887659
scale: 8.392687186569157
