original_size: (981, 736)
shift_x: 4.8514
shift_y: 1.8791
angle: 1.0650999023731922
scale: 0.11495683028746266
