original_size: (981, 736)
shift_x: 0.6499
shift_y: 3.1192
angle: 0.928842203479773
scale: 8.238912399666244
