original_size: (981, 736)
shift_x: 2.5979
shift_y: 4.8587
angle: -4.546992951229978
scale: 8.535731545006376
