original_size: (981, 736)
shift_x: -5.5758
shift_y: 6.6969
angle: -3.3347330209806647
scale: 0.11384513892599368
