original_size: (981, 736)
shift_x: -4.8774
shift_y: 3.2620
angle: 0.43004812948149684
scale: 0.12609660416468169
