original_size: (497, 634)
shift_x: -0.4715
shift_y: -5.1361
angle: 4.1146927442758905
scale: 0.13405060747517306
