original_size: (497, 634)
shift_x: -1.4453
shift_y: -0.6467
angle: 1.1753131466124556
scale: 8.687726815924577
