original_size: (497, 634)
shift_x: 0.6488
shift_y: 4.8379
angle: 2.744578358967189
scale: 8.26409181316725
