original_size: (497, 634)
shift_x: 2.2520
shift_y: 6.1831
angle: -2.3229951851410133
scale: 8.151702976667336
