original_size: (497, 634)
shift_x: 5.5689
shift_y: 2.1679
angle: 3.74470996690256
scale: 7.520485127092276
