original_size: (497, 634)
shift_x: 3.2071
shift_y: 6.6129
angle: 4.568090425793926
scale: 7.61677132002369
