original_size: (497, 634)
shift_x: -5.1594
shift_y: 3.2014
angle: 3.364456514227573
scale: 7.738793689077781
