original_size: (497, 634)
shift_x: 6.7296
shift_y: -6.5733
angle: 0.5229335916649047
scale: 0.1218441360672317
