original_size: (497, 634)
shift_x: -2.0998
shift_y: -5.5528
angle: -4.028120906335873
scale: 0.13396410214377122
