original_size: (497, 634)
shift_x: 0.7899
shift_y: -3.2001
angle: -2.5298977142462253
scale: 8.789623560115414
