original_size: (497, 634)
shift_x: -3.3610
shift_y: 5.3198
angle: -0.5879595580436403
scale: 7.652776381501423
