original_size: (497, 634)
shift_x: -6.5757
shift_y: -1.0430
angle: -0.8832881156662946
scale: 0.11454193554453689
