original_size: (497, 634)
shift_x: 1.0068
shift_y: 1.3336
angle: 1.374760848621479
scale: 7.5982690442477905
