original_size: (497, 634)
shift_x: 4.5450
shift_y: -6.6099
angle: -1.1689696759140968
scale: 0.13269771964874494
