original_size: (497, 634)
shift_x: 5.8353
shift_y: 6.3281
angle: -0.25511956090855037
scale: 0.11680746097379609
