original_size: (497, 634)
shift_x: -0.6906
shift_y: 2.6165
angle: -1.6011203270573295
scale: 0.13193956848979618
