original_size: (497, 634)
shift_x: -2.1244
shift_y: -1.5305
angle: -1.7263173100707982
scale: 0.13506641532338087
