original_size: (497, 634)
shift_x: 0.4536
shift_y: 4.7350
angle: 1.68196207165093
scale: 0.12764764679255136
