original_size: (497, 634)
shift_x: 2.7922
shift_y: -3.9240
angle: -0.9321044316204974
scale: 0.1289606438488064
