original_size: (497, 634)
shift_x: 2.8612
shift_y: 0.0074
angle: 4.36361464801268
scale: 8.263212303722106
